Starting log at 2022-05-07 18:27:05.893862

{
	Count : 1
	Injected : [[ 6.5087242e+01  2.6214472e+05 -1.1901391e+00 ...  2.0915120e+00
   1.6385518e+04  9.2085056e-02]
 [-5.1279065e+02 -5.8714008e+00  1.0997988e+00 ...  6.4881981e+01
   1.6872814e+01  2.5867305e+00]
 [-3.2768961e+04 -1.0485774e+06  4.2084556e+00 ... -3.2978924e+01
   1.8562216e+00  1.6385049e+04]
 ...
 [-9.4315786e+00  1.0485769e+06  5.5989904e+00 ...  1.0938354e+00
   5.1261884e+02  4.0961655e+03]
 [-6.4237869e+01 -4.7910276e-01  8.8533783e-01 ... -6.6087196e+01
  -1.3065091e-01  5.7397103e-01]
 [-1.6384457e+04 -4.5006484e-01  9.3398847e-02 ... -8.1020892e-01
   1.9677091e-02 -9.4692945e-01]]
	OpName : Ops.IDENTITY
	Original : [[ 1.0872388   0.724282   -1.1911156  ...  2.0876057   1.5176417
   0.02958506]
 [-0.79062015 -1.8714008   1.1007754  ...  0.8819791   0.87281394
   2.5242305 ]
 [-0.96142894 -1.3570675   0.20845553 ... -0.97892237  1.7937216
   1.0479425 ]
 ...
 [-1.4315783   0.8624351   1.5989907  ...  1.0977416   0.61881304
   0.16546659]
 [-0.23787168 -0.35410276  0.8775253  ... -2.0871987  -0.12967435
   0.5778773 ]
 [-0.45785284 -0.46568984  0.07777385 ... -0.8102089   0.01967709
  -0.94692945]]
	Time : 0:00:20.954385
 }
{
	Count : 9
	Injected : [[ 2.7188398e+06  1.2794859e+04  1.1603208e+06 ...  1.9463646e+06
   1.4473186e+06 -9.8534525e+05]
 [-1.5388349e+06  2.0712500e+02 -3.5068581e+05 ...  2.2429508e+06
  -3.1015984e+05 -5.8529206e+05]
 [-9.4414219e+05  2.3154888e+05  1.8826032e+06 ...  4.9231162e+05
   7.2414844e+05  6.8049231e+05]
 [-3.7876647e+05 -1.9418872e+05 -1.4573775e+05 ... -3.1952688e+05
   5.3747619e+05  3.6420656e+05]]
	OpName : Ops.MATMUL
	Original : [[ 2719351.8      13306.859  1160320.8   ...  1946620.6    1447318.5
   -985347.25 ]
 [-1276690.9     524495.1    -350557.8   ...  2308486.8    -306063.84
   -589388.06 ]
 [ -944206.2     231548.88   1882603.2   ...   492295.62    724020.44
    680492.3  ]
 [ -378510.47   -190092.72   -145729.75  ...  -319526.88    537476.2
    364206.56 ]]
	Time : 0:00:20.985265
 }
{
	Count : 11
	Injected : [[1.048577e+06 3.276900e+04 8.193000e+03 ... 6.553700e+04 4.097000e+03
  2.000000e+00]
 [4.000000e+00 3.906250e-03 1.024000e+03 ... 6.500000e+01 1.310720e+05
  2.048000e+03]
 [1.638400e+04 6.553700e+04 2.570000e+02 ... 5.000000e+00 1.025000e+03
  1.700000e+01]
 [1.310720e+05 1.048576e+06 2.000000e+00 ... 0.000000e+00 1.000000e+00
  1.000000e+00]]
	OpName : Ops.SIGMOID
	Original : [[1.0000000e+00 1.0000000e+00 1.0000000e+00 ... 1.0000000e+00
  1.0000000e+00 0.0000000e+00]
 [0.0000000e+00 2.0128179e-22 0.0000000e+00 ... 1.0000000e+00
  0.0000000e+00 0.0000000e+00]
 [0.0000000e+00 1.0000000e+00 1.0000000e+00 ... 1.0000000e+00
  1.0000000e+00 1.0000000e+00]
 [0.0000000e+00 0.0000000e+00 0.0000000e+00 ... 0.0000000e+00
  1.0000000e+00 1.0000000e+00]]
	Time : 0:00:21.007234
 }
{
	Count : 12
	Injected : [[ 1.13905749e+12  6.59671155e+11  9.22662601e+11 -3.06837822e+12
  -5.01564244e+11 -6.01108251e+11 -2.02782081e+12  4.99629982e+11
  -5.18035046e+11  1.37982640e+12 -9.32803117e+11 -1.42790492e+11
  -1.91897115e+12  5.64252312e+11 -4.56115405e+10  2.53936632e+11
  -6.78961611e+11  1.46938764e+12  9.36777220e+11 -2.00875262e+11
  -4.88910455e+11 -2.97699639e+11 -9.59927665e+10 -7.45083175e+11
   3.13502249e+10 -1.23275837e+12  2.72798171e+11 -4.11039695e+11
   4.85600420e+10  1.03667211e+12  3.26840287e+11 -7.10248858e+10
  -8.24033477e+11  2.98963829e+11 -7.70964783e+11 -1.35888994e+11
  -3.40900086e+11  2.38224065e+11 -1.58362223e+11  7.61776210e+10
  -1.37476977e+12 -6.43432514e+11 -1.56952048e+12 -7.07240591e+10
  -4.86067077e+11  5.03232496e+11 -7.66192845e+10 -3.44610996e+11
  -3.12899718e+12  3.41748548e+11  1.20765127e+12 -4.44220375e+11
  -4.52433773e+11  1.71845471e+12  7.93592726e+11 -5.50628360e+11
   2.94201328e+11  1.25353198e+11 -1.45915956e+12  9.40885869e+11
   1.77094132e+11 -5.72135703e+11 -1.06666957e+10  1.23284611e+11
   9.92281231e+11  1.29720936e+12 -9.10657061e+11 -1.48439499e+11
  -4.89806725e+11  1.02033080e+11 -1.11315465e+12 -1.36774509e+11
  -8.51078808e+11  7.38938520e+11 -1.27587795e+11  4.41671025e+11
  -8.10686480e+11  1.09445867e+12 -9.38286842e+11 -8.72854651e+11
  -8.38729662e+11 -1.59257867e+12  7.27724917e+11 -1.01243919e+12
  -2.82439254e+11 -2.05766092e+12  2.16472781e+11 -1.00974408e+12
   3.98669414e+11 -1.50982115e+11  3.39949355e+11  3.78761052e+11
  -7.23894190e+10 -5.14188411e+10  7.74353256e+11 -6.58854445e+11
  -3.68588784e+11 -3.70687410e+11 -3.91078183e+11 -3.52170598e+10
   7.94824278e+11 -1.71134403e+11 -3.29428234e+10  2.20825879e+11
  -1.54948272e+11 -2.27413213e+11 -7.52304849e+11 -1.31076522e+11
   3.62532733e+11  2.72735994e+11  9.97292376e+11 -3.68436281e+11
  -9.27529206e+10  1.25829618e+12  4.39766155e+11 -1.88282529e+12
   6.40251462e+11  5.99349527e+11  4.34259558e+11  1.06796771e+12
  -9.66492733e+10 -4.08558404e+11 -1.58322603e+12 -1.35991774e+12
   8.94811767e+11 -1.80854243e+11 -6.13797528e+11  8.42088514e+11]
 [ 2.49132040e+11  3.35498805e+11  6.54300152e+11  5.33492490e+10
   9.94168422e+10  1.97279203e+11 -2.70156906e+11 -1.58629167e+11
  -1.61541548e+12  2.06728004e+12  3.56894802e+11  8.10115891e+09
  -2.29050106e+11 -8.77308641e+10  1.55902371e+12 -4.19581952e+11
   8.83488850e+11 -2.26996879e+10 -4.55735624e+10  2.80068489e+11
  -9.22444628e+11  6.95381787e+11  4.55665123e+11 -1.53150043e+12
   2.92734400e+08  6.63413391e+11 -9.97616255e+11 -5.69009684e+10
  -7.19644525e+11 -1.81129101e+11  5.17957059e+11  6.49019916e+11
  -5.59836103e+11  1.56390425e+11 -5.87515625e+11 -9.25514465e+11
  -2.02413349e+12 -1.24137741e+12 -5.48547690e+11  9.12962683e+10
  -3.04571122e+11 -8.28926722e+11 -5.83306445e+11  8.67969860e+11
  -7.79006853e+10  8.81761845e+11  8.62451630e+10 -4.50581266e+11
  -4.40039375e+11  3.61774383e+11  1.88041999e+12 -4.85471519e+10
   6.27807879e+11 -1.84425316e+12 -1.08872506e+12  6.17163194e+11
   3.40116832e+11  1.33331124e+11  8.13761692e+11  3.55395707e+10
   1.61199423e+11 -1.34250799e+11 -1.51006757e+11 -8.36503208e+11
   3.45757483e+11  4.42525516e+11  1.04151541e+12 -6.20550226e+11
   2.75664994e+11  3.23887202e+11 -2.02327196e+12 -1.61661059e+11
   1.21016926e+11 -3.85232110e+11  6.34867024e+11 -9.32986487e+11
   2.40132882e+11  1.50727410e+11  2.64718877e+11 -4.24514617e+11
   9.06445783e+11  4.37302198e+11  1.24409768e+12  9.57099868e+11
   3.32715491e+11 -1.40863642e+12 -2.83932230e+11 -1.49990710e+12
  -6.51078042e+10 -7.06682618e+11  9.66511493e+11  5.04283234e+11
  -1.05704921e+12 -3.69061069e+11 -3.04254812e+11 -2.82245792e+11
  -1.09371736e+11 -3.11618339e+11  1.24235088e+11  2.78195405e+11
  -4.37440578e+11 -1.79191441e+12 -1.00208075e+11 -1.80008124e+12
  -5.24215124e+11  7.87240452e+11  4.17660600e+11 -9.45172185e+11
   3.03829844e+11  9.32605592e+11 -2.18260992e+10 -2.11220480e+11
   1.30550700e+12 -1.35897507e+12 -1.58580408e+10  2.23477000e+12
   8.05965726e+11 -8.91792720e+11 -4.26392355e+11 -8.60350136e+10
   2.86249714e+11 -2.20546761e+11 -7.87352781e+11  9.48200866e+11
   1.00572122e+12 -7.47944739e+11  2.96119235e+10 -1.05538493e+12]
 [ 4.74805412e+10 -5.02211445e+11 -1.07487633e+11  4.81356759e+10
  -5.03235256e+10  8.77948240e+11 -3.86326118e+10  2.31806304e+11
   8.66236826e+10 -3.15026735e+11  1.05601040e+11  1.03622353e+11
  -7.22884624e+11  1.75954772e+11  6.92438565e+11  5.42066508e+11
  -1.31488560e+12  2.24121192e+12 -1.03391841e+12 -1.11987786e+12
  -3.77012355e+11  9.13863213e+11 -6.99593523e+11  2.01563963e+11
  -8.71967359e+11  3.81383639e+11 -9.16009320e+11  1.18397416e+12
   1.52695380e+12 -1.30541126e+11  1.39047902e+12 -2.24677741e+11
  -2.41796760e+11 -7.67322112e+10  4.56164016e+11 -4.50287108e+11
  -9.99900185e+11 -2.48297472e+11 -1.11955136e+12 -1.90721910e+12
  -4.81784562e+11 -2.22908088e+10 -1.67150564e+12 -3.24339007e+11
  -1.36580956e+11  4.97169465e+11 -1.34344655e+11  7.83660614e+11
  -3.38701582e+11 -5.96354990e+11  9.60802324e+11  7.79036393e+11
  -1.44204071e+11 -2.48874877e+11  9.61504674e+11 -3.21163936e+08
  -1.43388298e+12  1.43837220e+12 -8.84676428e+11 -1.64523098e+11
  -2.35424252e+11  1.70415974e+12  1.67100416e+12  4.21374427e+11
  -2.09989042e+11  2.00173175e+11 -1.79516834e+11  1.03282062e+12
  -4.81324171e+11  2.41770119e+11 -2.21212017e+11 -9.86988216e+11
   1.06805605e+12 -3.00089868e+11 -3.27276397e+11  1.09319913e+12
  -5.09813326e+11  5.22734731e+11 -9.51110730e+11  1.94075247e+11
   4.41123308e+11 -1.98839763e+11 -1.35777231e+11  7.36160907e+11
   1.04697450e+12 -9.55260666e+11 -1.67279657e+11  1.68970609e+10
  -2.63215792e+11 -1.61910882e+11  1.01694087e+11  6.98304758e+11
   1.03870104e+12  2.11189708e+12 -8.36856250e+11  1.82906814e+11
   2.31410123e+11 -4.00276914e+11  8.03589587e+11  9.91062327e+11
   1.79346473e+12 -2.61475349e+12 -1.80837728e+11 -1.04550387e+12
  -1.31168220e+12  1.15743798e+12  3.06555310e+10 -1.19659653e+12
  -1.12698524e+12  3.85417773e+11 -7.70622816e+11 -6.86845174e+10
   1.08252797e+12 -1.14282162e+12 -8.60737454e+10  1.54317930e+11
   7.53623237e+11  4.41914130e+11  1.97288447e+12  7.49209059e+11
  -1.40981354e+11 -4.41188352e+11 -4.23332512e+11 -1.45255589e+12
   8.14972404e+11 -2.65007661e+12 -2.75132867e+10 -1.08206345e+12]
 [-7.10250988e+10  1.90563182e+12  5.96313899e+11 -1.82217553e+12
   1.17616122e+12  2.28850827e+11 -3.29170747e+11  1.64196188e+11
  -7.25996831e+10 -1.00876413e+12 -1.30452462e+12 -5.94979455e+11
  -6.08943276e+11  7.93133908e+11 -5.77421967e+11  8.05106352e+11
  -1.36721125e+12  4.88898855e+11 -3.41520941e+11 -1.56271133e+11
  -4.52234838e+11  2.89342030e+11  4.85394579e+11 -1.67826227e+12
   1.60953506e+12 -1.23727983e+12  9.41720601e+11  6.59394855e+11
   6.75616784e+11  9.17438136e+10  7.84041247e+11 -6.14805537e+11
   9.27584813e+11  7.50239810e+11  1.52360806e+12  6.97990250e+11
  -3.63936580e+11 -9.89960929e+10 -7.33910335e+11 -3.17946200e+11
   5.53971745e+11 -1.83669195e+11 -3.90635271e+12  9.80927119e+10
  -8.52478525e+11  1.69810199e+11 -5.94154684e+11 -1.09978531e+12
   5.31700244e+10  9.88783772e+11  7.18613512e+11  9.48929036e+11
  -4.21461623e+11  5.29581261e+10 -8.99832480e+11 -5.34925017e+11
   1.54167358e+12  3.73739930e+10  1.18273630e+11 -4.52491805e+11
   5.52291926e+11  9.62209120e+11  6.04348088e+11  4.03730792e+11
   2.58458622e+12  2.74246910e+11  2.00777544e+10 -1.57951689e+11
  -4.65970258e+10  1.43724826e+12  4.12195357e+11 -1.50561128e+11
  -5.52215904e+11  4.36879720e+11 -6.10629190e+11 -9.47411354e+11
   5.81036999e+11 -3.68660808e+11  2.27378004e+11 -4.51452568e+11
  -4.16456245e+11  7.39201974e+11 -1.22946480e+12 -1.02506227e+12
  -1.00907975e+12 -1.21928522e+12  1.24627544e+12  9.01873336e+11
  -7.21317003e+11  7.78027926e+11  3.54186114e+12 -1.16463921e+12
  -2.83163853e+11 -2.14029186e+12 -4.52385833e+10  2.64495088e+11
  -2.12413173e+12 -1.05650887e+12 -5.01651112e+11  5.40590998e+11
  -2.08651305e+11 -1.55845696e+12  4.61167264e+11 -1.79790954e+11
  -1.73761416e+12 -1.11987471e+12  9.22565083e+11 -2.22667112e+11
  -6.87808578e+11 -1.62191163e+11  4.12905341e+11  1.94283923e+12
   9.62630779e+11 -1.32496540e+11 -2.01069555e+09  6.85034963e+11
   1.52559642e+12  4.69570388e+11 -3.34123893e+11  1.39386782e+11
   1.64191191e+11 -1.41675581e+12  6.51296899e+11 -1.36954970e+12
   9.05622258e+11 -3.95607474e+11  6.04868313e+11  7.33712794e+10]]
	OpName : Ops.MATMUL
	Original : [[ 1.68881331e+12  6.59604046e+11  9.22662601e+11 -3.06837769e+12
  -5.01564277e+11 -6.01107726e+11 -2.02782029e+12  4.30910505e+11
  -5.19108788e+11  1.37982640e+12 -9.32803117e+11 -1.42790361e+11
  -1.91897115e+12  5.63715441e+11 -4.34640568e+10  2.53938729e+11
  -6.78961349e+11  1.47153512e+12  9.28187286e+11 -2.00875524e+11
  -4.88910422e+11 -2.97699639e+11 -9.59927009e+10 -7.45083044e+11
   2.70552576e+10 -1.16403890e+12  2.72798171e+11 -4.12113437e+11
   4.85600748e+10  1.03667001e+12  3.26838190e+11 -7.10248858e+10
  -8.22959735e+11  2.98947052e+11 -7.70964783e+11 -1.35872217e+11
  -3.40904280e+11  2.38224065e+11 -1.58361698e+11  7.61778831e+10
  -1.09989187e+12 -6.43432514e+11 -1.56952048e+12 -6.96503173e+10
  -4.86067077e+11  5.02695625e+11 -3.51497191e+11 -3.44612045e+11
  -3.12899718e+12  3.42822289e+11  1.48252918e+12 -4.35630440e+11
  -4.52433773e+11  1.71852182e+12  7.93584337e+11 -5.50628360e+11
   2.98496295e+11  1.25353263e+11 -1.45915956e+12  9.32295934e+11
   1.77094148e+11 -8.47013609e+11 -1.01298248e+10  1.23016176e+11
   1.06100071e+12  1.29720936e+12 -9.10657061e+11 -1.48439499e+11
  -4.89807249e+11  1.02033080e+11 -1.11316304e+12 -1.32479541e+11
  -8.51347243e+11  7.38938782e+11 -1.27587729e+11  4.41671025e+11
  -8.10820698e+11  1.09445867e+12 -9.38303619e+11 -8.38494913e+11
  -8.38727565e+11 -1.59257867e+12  7.27691362e+11 -1.01243893e+12
  -2.82439254e+11 -1.98894145e+12  2.15935910e+11 -1.00974435e+12
   3.98668890e+11 -1.50982115e+11  3.39882246e+11  3.78727498e+11
  -7.23894190e+10 -5.14188411e+10  7.74353256e+11 -6.67444380e+11
  -3.68588784e+11 -3.70687410e+11 -3.91078183e+11 -3.52165356e+10
   7.95092713e+11 -1.71134370e+11 -3.40165652e+10  2.21094314e+11
  -1.54948272e+11 -2.27413246e+11 -7.53378591e+11 -1.31076514e+11
   3.62532733e+11  2.72735928e+11  9.97288182e+11 -3.68436281e+11
  -8.84579533e+10  1.25829618e+12  4.41913639e+11 -1.88295951e+12
   6.40251396e+11  5.99349461e+11  4.34242781e+11  1.06795093e+12
  -9.66492733e+10 -4.08558404e+11 -1.58322603e+12 -1.35991774e+12
   8.96959250e+11 -1.80854243e+11 -6.13797462e+11  8.46383481e+11]
 [ 2.49132040e+11  3.35498805e+11  6.54300152e+11  3.61693798e+10
   1.01564326e+11  1.97245649e+11 -2.61566972e+11 -2.27348644e+11
  -1.61541548e+12  2.06727990e+12  3.56894769e+11  8.10112614e+09
  -2.28781670e+11 -8.77350584e+10  1.55903210e+12 -4.19590341e+11
   8.83489112e+11 -2.26996716e+10 -4.53051269e+10  2.80068489e+11
  -9.22444104e+11  6.93234303e+11  3.18226170e+11 -1.53151721e+12
   2.91685824e+08  6.63413391e+11 -9.97616189e+11 -1.25620445e+11
  -7.17497041e+11 -1.81129101e+11  5.18493929e+11  6.49019785e+11
  -5.59836103e+11  1.56390425e+11 -5.87515625e+11 -9.25514990e+11
  -2.02413336e+12 -1.24137728e+12 -4.79828214e+11  9.12961372e+10
  -3.04571384e+11 -8.28926722e+11 -5.83289668e+11  8.68104077e+11
  -7.78671309e+10  8.81766040e+11  8.62787174e+10 -4.50581266e+11
  -4.42186858e+11  3.61774383e+11  1.88041999e+12 -4.85471519e+10
   6.27807879e+11 -1.84425316e+12 -1.08818819e+12  6.08573260e+11
   3.40116832e+11  1.33331124e+11  8.13761692e+11  3.55394396e+10
   1.61266532e+11 -1.34250799e+11 -1.42416822e+11 -8.27913273e+11
   3.54347418e+11  4.42525516e+11  1.04148186e+12 -6.20550160e+11
   2.75933430e+11  3.23891397e+11 -2.02327196e+12 -1.61662108e+11
   1.21050481e+11 -3.85215332e+11  6.26277089e+11 -9.32986487e+11
   2.40132882e+11  1.50727393e+11  2.73308811e+11 -4.24514486e+11
   9.06445783e+11  4.37839069e+11  1.24409768e+12  9.57099868e+11
   3.32698714e+11 -1.44299616e+12 -2.83932230e+11 -1.22502919e+12
  -6.51078042e+10 -7.06682618e+11  9.66511493e+11  5.04283202e+11
  -7.82171308e+11 -3.69061069e+11 -3.38614551e+11 -2.82178683e+11
  -1.09505954e+11 -3.11614145e+11  1.24230894e+11  2.78195405e+11
  -5.06160054e+11 -1.79191441e+12 -1.00208075e+11 -1.25032543e+12
  -5.24148015e+11  7.87240452e+11  4.34840470e+11 -9.45176379e+11
   3.03829778e+11  9.28310624e+11 -2.18428764e+10 -2.11086262e+11
   1.30550700e+12 -1.35897507e+12 -8.45775176e+10  2.23906497e+12
   8.05965857e+11 -8.91788526e+11 -4.26392388e+11 -8.60517908e+10
   2.90544681e+11 -2.20546728e+11 -7.87353829e+11  9.48198769e+11
   1.00572227e+12 -7.47944739e+11  2.96121856e+10 -1.08974467e+12]
 [ 4.74805412e+10 -5.02211969e+11 -1.07487633e+11  4.92094177e+10
  -5.04577434e+10  8.80095724e+11 -3.86336604e+10  2.14626435e+11
   8.64894648e+10 -3.14892517e+11  1.03453557e+11  1.03622353e+11
  -7.22884624e+11  1.75954772e+11  6.92438565e+11  5.42066508e+11
  -1.31488560e+12  2.24174880e+12 -1.03391841e+12 -1.11987786e+12
  -3.77010258e+11  2.01337484e+12 -6.99727741e+11  2.01530409e+11
  -8.71967359e+11  3.81383639e+11 -9.24599255e+11  1.18397416e+12
   1.52695380e+12 -1.30541134e+11  1.11560111e+12 -2.24677741e+11
  -2.41796760e+11 -7.67324733e+10  4.58311500e+11 -4.50286060e+11
  -9.99900119e+11 -2.48297472e+11 -1.11955136e+12 -1.90721806e+12
  -4.13065085e+11 -1.59729762e+11 -1.68009558e+12 -3.24875878e+11
  -1.35507214e+11  4.97169465e+11 -2.71783608e+11  7.83652225e+11
  -3.38701713e+11 -5.96354859e+11  9.60802324e+11  7.79035345e+11
  -1.44204071e+11 -2.48874353e+11  9.61504608e+11 -3.21163936e+08
  -1.43388298e+12  1.43729846e+12 -8.84676428e+11 -1.64523098e+11
  -7.85180066e+11  1.70415869e+12  1.67100416e+12  4.21374394e+11
  -2.44348781e+11  1.65813436e+11 -1.77369350e+11  1.03281223e+12
  -4.81458389e+11  2.50360054e+11 -2.21212017e+11 -9.87256652e+11
   1.06805605e+12 -3.00089868e+11 -3.27276397e+11  1.09319913e+12
  -5.09813326e+11  5.22734698e+11 -9.51110730e+11  1.94074722e+11
   4.41123176e+11 -1.98906872e+11 -1.35777755e+11  7.36160842e+11
   9.09535543e+11 -9.55260666e+11 -1.67279657e+11  1.68635064e+10
  -2.62142050e+11 -1.61642447e+11  1.01702476e+11  6.98304758e+11
   9.01262082e+11  2.11189288e+12 -8.71215989e+11  1.82906814e+11
   2.31409861e+11 -4.00276914e+11  8.03623141e+11  9.91063376e+11
   1.79346473e+12 -2.61475349e+12 -1.80837728e+11 -1.04550387e+12
  -1.31168220e+12  1.15743798e+12  2.63605637e+10 -1.19658814e+12
  -1.12698629e+12  3.85417773e+11 -7.70623341e+11 -6.86174085e+10
   1.08252797e+12 -1.14282162e+12 -8.63421809e+10  1.54250822e+11
   7.55770720e+11  4.41914130e+11  2.11032343e+12  7.49209059e+11
  -1.40712919e+11 -3.03749399e+11 -4.23332512e+11 -1.45255642e+12
   8.14972928e+11 -2.65007661e+12 -2.77817221e+10 -1.07776849e+12]
 [-7.10250988e+10  1.35587601e+12  5.87723964e+11 -1.82244396e+12
   1.17616135e+12  2.28850827e+11 -3.29170780e+11  1.64196450e+11
  -7.25996749e+10 -1.02594399e+12 -1.30452462e+12 -5.94962678e+11
  -6.17533211e+11  7.94207650e+11 -6.11781706e+11  8.05139907e+11
  -1.36721125e+12  4.88898855e+11 -3.32931006e+11 -1.56271133e+11
  -4.52234838e+11  2.89342030e+11  4.85394547e+11 -1.67826227e+12
   1.60953506e+12 -1.09984088e+12  9.41716406e+11  6.59394789e+11
   6.75549676e+11  9.17438218e+10  1.88355287e+12 -6.14805471e+11
   9.27580619e+11  7.50239810e+11  1.52360806e+12  6.99063992e+11
  -3.68231547e+11 -9.89877043e+10 -7.33910270e+11 -2.83586462e+11
   5.53954968e+11 -1.83673389e+11 -3.90635376e+12  1.19760434e+12
  -8.52210090e+11  2.04169937e+11 -5.93080943e+11 -1.09979369e+12
   5.31710730e+10  9.88792160e+11  7.18613512e+11  9.48929036e+11
  -4.21461656e+11  1.21677603e+11 -8.99832480e+11 -5.34925017e+11
   1.54167358e+12  5.45538621e+10  1.18274679e+11 -4.52508582e+11
   5.52291926e+11  9.62209120e+11  6.04348088e+11  4.03747570e+11
   2.58451911e+12  2.39887172e+11  2.00777503e+10 -1.57951689e+11
  -4.65970258e+10  1.43724826e+12  4.12195357e+11 -1.50561128e+11
  -5.50068421e+11  4.36879720e+11 -6.79348666e+11 -9.47411354e+11
   5.81036999e+11 -3.68660808e+11  2.27377480e+11 -4.51452568e+11
  -4.85175722e+11  7.41349458e+11 -1.22944802e+12 -7.50184366e+11
  -1.00907136e+12 -1.21821148e+12  1.24614122e+12  9.01875433e+11
  -7.21317003e+11  7.73732958e+11  3.54186114e+12 -1.16463921e+12
  -2.83163853e+11 -2.14029160e+12 -1.14475021e+12  2.64495088e+11
  -2.12413173e+12 -1.05543513e+12 -5.01667889e+11  5.40582609e+11
  -2.25831174e+11 -1.55845906e+12  4.61167231e+11 -1.79792003e+11
  -1.73761416e+12 -1.11987471e+12  9.22565083e+11 -2.22398677e+11
  -6.89956061e+11 -1.62199552e+11  2.75466387e+11  1.94285601e+12
   9.62630779e+11 -1.32496540e+11 -2.01066278e+09  6.85034963e+11
   1.52560062e+12  4.69570355e+11 -3.34123893e+11  1.39386782e+11
   1.64191191e+11 -1.41675581e+12  6.51296899e+11 -1.36954970e+12
   9.05622258e+11 -3.95607474e+11  6.04868313e+11  7.33712794e+10]]
	Time : 0:00:21.022935
 }
{
	Count : 14
	Injected : [[1.638500e+04 0.000000e+00 3.300000e+01 1.600000e+01 1.024000e+03
  4.000000e+00 8.000000e+00 5.242890e+05 2.621440e+05 4.097000e+03
  8.000000e+00 6.400000e+01 4.096000e+03 1.290000e+02 1.600000e+01
  9.000000e+00 4.000000e+00 1.700000e+01 2.049000e+03 8.000000e+00
  3.200000e+01 6.400000e+01 1.310720e+05 8.192000e+03 5.130000e+02
  2.000000e+00 1.638500e+04 2.560000e+02 3.000000e+00 5.000000e+00
  2.049000e+03 2.621440e+05 5.120000e+02 8.193000e+03 2.000000e+00
  1.280000e+02 1.024000e+03 1.290000e+02 1.000000e+00 1.310730e+05
  4.096000e+03 6.553600e+04 6.400000e+01 4.000000e+00 4.000000e+00
  1.290000e+02 1.024000e+03 1.600000e+01 4.000000e+00 1.700000e+01
  6.553700e+04 1.024000e+03 6.553600e+04 3.276900e+04 0.000000e+00
  2.621440e+05 1.310730e+05 3.000000e+00 2.048000e+03 2.049000e+03
  1.310730e+05 1.310720e+05 8.192000e+03 0.000000e+00 8.193000e+03
  1.638500e+04 2.000000e+00 4.000000e+00 2.000000e+00 5.130000e+02
  1.048576e+06 4.096000e+03 2.560000e+02 3.000000e+00 4.000000e+00
  3.000000e+00 5.242880e+05 3.276900e+04 3.276800e+04 2.621440e+05
  5.242880e+05 4.096000e+03 3.276900e+04 5.242880e+05 2.560000e+02
  1.048576e+06 9.000000e+00 5.242880e+05 1.310730e+05 4.096000e+03
  0.000000e+00 3.276900e+04 1.024000e+03 4.000000e+00 0.000000e+00
  3.200000e+01 2.048000e+03 5.242880e+05 5.120000e+02 2.048000e+03
  5.130000e+02 1.024000e+03 2.560000e+02 8.193000e+03 1.310720e+05
  3.276800e+04 2.048000e+03 2.000000e+00 6.553700e+04 1.700000e+01
  1.310730e+05 5.242880e+05 2.621440e+05 1.048577e+06 2.570000e+02
  5.242880e+05 3.300000e+01 2.570000e+02 1.310730e+05 1.310730e+05
  1.048576e+06 6.400000e+01 2.048000e+03 2.000000e+00 1.048577e+06
  2.048000e+03 5.242880e+05 9.000000e+00]
 [6.500000e+01 5.130000e+02 1.638500e+04 5.000000e+00 2.621450e+05
  1.638500e+04 1.024000e+03 1.638400e+04 2.000000e+00 2.621450e+05
  1.025000e+03 9.000000e+00 1.048576e+06 4.096000e+03 1.310730e+05
  8.000000e+00 1.700000e+01 2.621440e+05 3.200000e+01 2.049000e+03
  6.553600e+04 3.300000e+01 0.000000e+00 5.242880e+05 6.500000e+01
  3.000000e+00 1.280000e+02 5.120000e+02 6.553600e+04 2.560000e+02
  3.276900e+04 3.000000e+00 1.638400e+04 5.242890e+05 1.024000e+03
  1.638400e+04 1.600000e+01 2.048000e+03 8.192000e+03 2.049000e+03
  2.621440e+05 5.120000e+02 5.120000e+02 5.130000e+02 8.000000e+00
  9.000000e+00 0.000000e+00 1.310720e+05 2.000000e+00 0.000000e+00
  3.000000e+00 1.280000e+02 2.049000e+03 2.621440e+05 1.310720e+05
  5.242890e+05 5.000000e+00 0.000000e+00 3.276900e+04 2.621450e+05
  3.276900e+04 5.120000e+02 8.192000e+03 1.000000e+00 1.290000e+02
  2.049000e+03 1.638500e+04 6.400000e+01 2.570000e+02 2.621450e+05
  1.024000e+03 2.560000e+02 3.276900e+04 1.310720e+05 5.130000e+02
  8.000000e+00 6.553700e+04 3.300000e+01 2.621450e+05 6.553600e+04
  5.130000e+02 3.276900e+04 5.000000e+00 1.025000e+03 1.025000e+03
  1.024000e+03 6.553600e+04 5.242880e+05 1.048576e+06 3.276800e+04
  2.570000e+02 0.000000e+00 6.400000e+01 1.280000e+02 1.024000e+03
  6.553600e+04 1.000000e+00 1.024000e+03 1.290000e+02 3.276900e+04
  3.200000e+01 6.400000e+01 2.048000e+03 5.120000e+02 1.280000e+02
  1.048577e+06 3.000000e+00 4.000000e+00 6.500000e+01 0.000000e+00
  6.400000e+01 1.600000e+01 1.638500e+04 1.600000e+01 3.276800e+04
  1.048577e+06 5.242890e+05 1.048576e+06 5.242880e+05 1.600000e+01
  5.130000e+02 8.000000e+00 2.000000e+00 5.242890e+05 2.621450e+05
  1.310720e+05 1.700000e+01 8.000000e+00]
 [1.048577e+06 1.024000e+03 2.000000e+00 4.097000e+03 2.621440e+05
  2.049000e+03 2.000000e+00 1.700000e+01 2.049000e+03 2.621440e+05
  6.500000e+01 4.097000e+03 5.242880e+05 1.048577e+06 5.242890e+05
  3.276900e+04 3.200000e+01 1.638500e+04 1.310720e+05 1.048576e+06
  2.048000e+03 9.000000e+00 3.276800e+04 1.638500e+04 1.024000e+03
  6.500000e+01 1.638400e+04 1.048577e+06 1.700000e+01 6.553600e+04
  1.290000e+02 1.024000e+03 8.000000e+00 1.600000e+01 8.193000e+03
  3.200000e+01 6.400000e+01 1.310720e+05 2.000000e+00 3.276800e+04
  6.400000e+01 3.276800e+04 2.560000e+02 4.000000e+00 3.276800e+04
  1.048577e+06 5.120000e+02 2.621450e+05 3.200000e+01 8.192000e+03
  3.276900e+04 4.097000e+03 1.000000e+00 2.048000e+03 3.000000e+00
  2.560000e+02 4.096000e+03 8.193000e+03 4.096000e+03 1.000000e+00
  2.621440e+05 3.276900e+04 3.300000e+01 6.553700e+04 1.000000e+00
  2.570000e+02 2.560000e+02 5.130000e+02 3.276800e+04 3.276900e+04
  8.000000e+00 1.638400e+04 1.048577e+06 6.553600e+04 8.000000e+00
  3.276900e+04 1.000000e+00 1.310730e+05 2.560000e+02 3.300000e+01
  1.290000e+02 4.096000e+03 6.553600e+04 1.048577e+06 0.000000e+00
  8.192000e+03 3.200000e+01 9.000000e+00 2.621440e+05 2.000000e+00
  6.553700e+04 6.553700e+04 1.048577e+06 0.000000e+00 6.553600e+04
  1.700000e+01 2.049000e+03 1.000000e+00 1.638500e+04 5.242890e+05
  3.300000e+01 5.242880e+05 4.000000e+00 8.192000e+03 5.242880e+05
  6.553700e+04 1.048577e+06 2.621440e+05 2.560000e+02 3.300000e+01
  5.242880e+05 2.000000e+00 1.700000e+01 8.192000e+03 6.553600e+04
  4.097000e+03 6.553700e+04 1.290000e+02 1.700000e+01 6.500000e+01
  5.242880e+05 2.048000e+03 5.242880e+05 1.048576e+06 5.242890e+05
  8.192000e+03 1.000000e+00 8.192000e+03]
 [1.638400e+04 5.242890e+05 3.000000e+00 4.000000e+00 2.570000e+02
  6.500000e+01 5.120000e+02 2.621450e+05 1.600000e+01 1.310720e+05
  3.200000e+01 2.621440e+05 1.048576e+06 1.638500e+04 5.242880e+05
  1.025000e+03 2.048000e+03 9.000000e+00 2.048000e+03 3.200000e+01
  6.400000e+01 2.049000e+03 8.193000e+03 6.400000e+01 2.621450e+05
  4.096000e+03 2.621450e+05 6.500000e+01 1.025000e+03 4.097000e+03
  9.000000e+00 2.000000e+00 1.638500e+04 5.130000e+02 1.048577e+06
  5.130000e+02 3.276800e+04 3.276800e+04 4.096000e+03 1.280000e+02
  5.130000e+02 8.000000e+00 5.242880e+05 0.000000e+00 8.192000e+03
  8.193000e+03 8.000000e+00 3.276800e+04 6.500000e+01 5.130000e+02
  1.310730e+05 0.000000e+00 8.000000e+00 1.310730e+05 1.000000e+00
  4.096000e+03 5.130000e+02 6.553700e+04 2.621450e+05 2.000000e+00
  6.553700e+04 1.048577e+06 1.048577e+06 1.025000e+03 8.193000e+03
  1.700000e+01 1.638500e+04 3.276800e+04 1.280000e+02 1.638500e+04
  3.300000e+01 2.048000e+03 4.000000e+00 1.310730e+05 1.024000e+03
  1.000000e+00 4.097000e+03 1.600000e+01 2.049000e+03 5.120000e+02
  2.048000e+03 1.638500e+04 2.000000e+00 8.000000e+00 4.096000e+03
  2.000000e+00 4.097000e+03 8.193000e+03 1.310720e+05 2.049000e+03
  1.638500e+04 3.200000e+01 5.120000e+02 1.048576e+06 2.560000e+02
  5.000000e+00 1.000000e+00 6.553600e+04 6.400000e+01 1.638500e+04
  3.200000e+01 1.310720e+05 3.000000e+00 6.400000e+01 3.276800e+04
  1.024000e+03 1.290000e+02 2.621440e+05 8.192000e+03 2.000000e+00
  1.310730e+05 4.097000e+03 9.000000e+00 1.310720e+05 3.276800e+04
  0.000000e+00 2.570000e+02 4.097000e+03 0.000000e+00 1.000000e+00
  1.000000e+00 0.000000e+00 1.000000e+00 0.000000e+00 1.000000e+00
  0.000000e+00 1.000000e+00 1.000000e+00]]
	OpName : Ops.SIGMOID
	Original : [[1. 1. 1. 0. 0. 0. 0. 1. 0. 1. 0. 0. 0. 1. 0. 1. 0. 1. 1. 0. 0. 0. 0. 0.
  1. 0. 1. 0. 1. 1. 1. 0. 0. 1. 0. 0. 0. 1. 0. 1. 0. 0. 0. 0. 0. 1. 0. 0.
  0. 1. 1. 0. 0. 1. 1. 0. 1. 1. 0. 1. 1. 0. 0. 1. 1. 1. 0. 0. 0. 1. 0. 0.
  0. 1. 0. 1. 0. 1. 0. 0. 0. 0. 1. 0. 0. 0. 1. 0. 1. 0. 1. 1. 0. 0. 1. 0.
  0. 0. 0. 0. 1. 0. 0. 1. 0. 0. 0. 0. 1. 1. 1. 0. 0. 1. 1. 0. 1. 1. 1. 1.
  0. 0. 0. 0. 1. 0. 0. 1.]
 [1. 1. 1. 1. 1. 1. 0. 0. 0. 1. 1. 1. 0. 0. 1. 0. 1. 0. 0. 1. 0. 1. 1. 0.
  1. 1. 0. 0. 0. 0. 1. 1. 0. 1. 0. 0. 0. 0. 0. 1. 0. 0. 0. 1. 0. 1. 1. 0.
  0. 1. 1. 0. 1. 0. 0. 1. 1. 1. 1. 1. 1. 0. 0. 0. 1. 1. 1. 0. 1. 1. 0. 0.
  1. 0. 1. 0. 1. 1. 1. 0. 1. 1. 1. 1. 1. 0. 0. 0. 0. 0. 1. 1. 0. 0. 0. 0.
  0. 0. 1. 1. 0. 0. 0. 0. 0. 1. 1. 0. 1. 1. 0. 0. 1. 0. 0. 1. 1. 0. 0. 0.
  1. 0. 0. 1. 1. 0. 1. 0.]
 [1. 0. 0. 1. 0. 1. 0. 1. 1. 0. 1. 1. 0. 1. 1. 1. 0. 1. 0. 0. 0. 1. 0. 1.
  0. 1. 0. 1. 1. 0. 1. 0. 0. 0. 1. 0. 0. 0. 0. 0. 0. 0. 0. 0. 0. 1. 0. 1.
  0. 0. 1. 1. 0. 0. 1. 0. 0. 1. 0. 0. 0. 1. 1. 1. 0. 1. 0. 1. 0. 1. 0. 0.
  1. 0. 0. 1. 0. 1. 0. 1. 1. 0. 0. 1. 1. 0. 0. 1. 0. 0. 1. 1. 1. 1. 0. 1.
  1. 0. 1. 1. 1. 0. 0. 0. 0. 1. 1. 0. 0. 1. 0. 0. 1. 0. 0. 1. 1. 1. 1. 1.
  0. 0. 0. 0. 1. 0. 0. 0.]
 [0. 1. 1. 0. 1. 1. 0. 1. 0. 0. 0. 0. 0. 1. 0. 1. 0. 1. 0. 0. 0. 1. 1. 0.
  1. 0. 1. 1. 1. 1. 1. 0. 1. 1. 1. 1. 0. 0. 0. 0. 1. 0. 0. 1. 0. 1. 0. 0.
  1. 1. 1. 1. 0. 1. 0. 0. 1. 1. 1. 0. 1. 1. 1. 1. 1. 1. 1. 0. 0. 1. 1. 0.
  0. 1. 0. 0. 1. 0. 1. 0. 0. 1. 0. 0. 0. 0. 1. 1. 0. 1. 1. 0. 0. 0. 0. 1.
  0. 0. 0. 1. 0. 0. 1. 0. 0. 0. 1. 0. 0. 0. 1. 1. 1. 0. 0. 1. 1. 1. 0. 1.
  1. 0. 1. 0. 1. 0. 1. 1.]]
	Time : 0:00:21.056918
 }
{
	Count : 15
	Injected : [[-1.1067109e+12  3.5103018e+11  1.2951384e+11 ...  5.3296353e+09
  -1.5421059e+12  2.7243032e+11]
 [ 1.1318057e+11  1.1435539e+12 -1.1741468e+10 ...  3.2103576e+11
  -6.5730308e+11 -3.2268606e+11]
 [-1.4051266e+12 -2.4300102e+10 -3.9356806e+11 ...  1.3258877e+10
  -2.3463429e+12  7.7302899e+10]
 [ 2.3299484e+10 -5.7401206e+11 -2.8928007e+11 ...  9.1377713e+10
  -2.7054357e+11  2.7820438e+11]]
	OpName : Ops.MATMUL
	Original : [[-1.1067109e+12  3.5076175e+11  1.2948029e+11 ...  5.3296189e+09
  -1.5421069e+12  2.7457780e+11]
 [ 1.1304636e+11  1.1457014e+12 -1.1741468e+10 ...  3.2210951e+11
  -6.5730308e+11 -2.8832632e+11]
 [-1.4051268e+12 -2.4300102e+10 -3.9356809e+11 ...  1.3258881e+10
  -2.3462087e+12  7.3007931e+10]
 [ 2.3299418e+10 -5.7401206e+11 -2.8924651e+11 ...  9.1377713e+10
  -2.7054357e+11  2.7820438e+11]]
	Time : 0:00:21.084032
 }
{
	Count : 17
	Injected : [[2.621440e+05 1.048577e+06 1.290000e+02 ... 1.025000e+03 2.560000e+02
  1.310730e+05]
 [6.553700e+04 1.048577e+06 3.276800e+04 ... 2.621450e+05 3.200000e+01
  6.400000e+01]
 [1.000000e+00 3.276800e+04 2.560000e+02 ... 9.000000e+00 6.553600e+04
  6.500000e+01]
 [6.500000e+01 3.276800e+04 1.638400e+04 ... 1.000000e+00 0.000000e+00
  1.000000e+00]]
	OpName : Ops.SIGMOID
	Original : [[0. 1. 1. ... 1. 0. 1.]
 [1. 1. 0. ... 1. 0. 0.]
 [0. 0. 0. ... 1. 0. 1.]
 [1. 0. 0. ... 1. 0. 1.]]
	Time : 0:00:21.100633
 }
{
	Count : 18
	Injected : [[-1.16330594e+11 -1.17119936e+12 -5.37359647e+11 ... -1.25986367e+12
   9.25360390e+11  1.69570586e+12]
 [ 1.43468737e+12  1.18308916e+12  7.33801153e+11 ... -8.15270330e+11
  -4.36541915e+11 -1.22787109e+12]
 [-5.18594036e+11  5.15241673e+11 -6.42585919e+11 ... -2.26074113e+12
   2.01327274e+12 -1.11154482e+12]
 [ 7.43044055e+10  1.47410217e+12  5.75625298e+11 ... -8.51031032e+11
  -5.31595162e+09 -5.40292514e+11]]
	OpName : Ops.MATMUL
	Original : [[-1.16330594e+11 -1.17119923e+12 -5.37359647e+11 ... -1.25986393e+12
   9.59720129e+11  1.69570586e+12]
 [ 1.43470415e+12  1.18308078e+12  7.33532717e+11 ... -8.15270330e+11
  -4.36541915e+11 -1.22787109e+12]
 [-5.18593970e+11  5.15241148e+11 -6.42585919e+11 ... -2.24356126e+12
   2.01327274e+12 -1.11154482e+12]
 [ 7.43044055e+10  1.47409797e+12  5.75625298e+11 ... -8.51031032e+11
  -5.31595162e+09 -5.40292514e+11]]
	Time : 0:00:21.138114
 }
{
	Count : 20
	Injected : [[2.621440e+05 1.000000e+00 1.280000e+02 ... 1.310720e+05 2.049000e+03
  3.300000e+01]
 [2.570000e+02 4.097000e+03 3.300000e+01 ... 1.280000e+02 6.400000e+01
  1.048576e+06]
 [4.096000e+03 6.500000e+01 1.638400e+04 ... 4.096000e+03 5.130000e+02
  8.000000e+00]
 [4.097000e+03 2.049000e+03 6.553700e+04 ... 0.000000e+00 0.000000e+00
  0.000000e+00]]
	OpName : Ops.SIGMOID
	Original : [[0. 0. 0. ... 0. 1. 1.]
 [1. 1. 1. ... 0. 0. 0.]
 [0. 1. 0. ... 0. 1. 0.]
 [1. 1. 1. ... 0. 0. 0.]]
	Time : 0:00:21.179607
 }
{
	Count : 6
	Injected : [ 2.5645969e+02  2.6214516e+05 -2.6214422e+05  1.6384828e+04
 -1.6385143e+04 -5.5706272e+00 -4.0984497e+03  1.0485770e+06
 -6.5536461e+04 -3.2768641e+04  1.3107206e+05 -9.8112047e-01
 -4.2239261e-01  3.9044210e-01 -4.0962202e+03  8.6158237e+00
 -2.0289214e-01  4.0974688e+03 -1.1184350e+00 -8.1927539e+03
 -1.0485768e+06 -5.5770284e-01  5.1280316e+02 -8.1938838e+03
 -3.1564558e-01  2.8926094e+00  9.8491377e-01  2.6216066e-01
 -3.1547544e+00 -1.6424011e+01  1.8538351e+00  1.2842500e+02
 -2.5668118e+02  2.6214438e+05 -3.2267010e+01 -2.1764374e+00
 -1.3107247e+05 -1.5745777e+00  1.6079669e-01 -2.2907445e-01
  1.3107236e+05  2.5627982e+02 -3.2768176e+04 -1.7789613e+00
  1.6384602e+04 -6.4311279e+01 -5.1269165e+02  1.8157495e+01
 -8.2013123e-02  5.1324298e+02  2.3761505e-01  3.3954342e+01
 -2.4788563e+00  3.2759104e+00  1.6384008e+04  1.0485771e+06
 -4.5069056e+00  1.0251571e+03  2.2367494e+00 -1.0485761e+06
  2.6214412e+05  2.0484915e+03 -8.1923066e+03  1.0243616e+03
  3.9061415e-01 -5.6063884e-01 -6.4193581e+01 -8.6176956e-01
 -6.5536883e+04 -1.9069124e+00  1.8121439e+00  7.4866176e-02
 -5.1234991e+02 -1.1481035e+00 -2.0495500e+03 -8.1926094e+03
 -3.2082775e+01  1.3107223e+05 -1.7124281e+00 -2.6214509e+05
  2.6214434e+05  1.6102072e+01 -5.2428975e+05  3.4149885e-01
 -1.6621547e+00  2.5789404e+02  6.7383367e-01  4.1526753e-01
  1.0245312e+03 -1.6014855e+00  1.5447453e-01 -1.0206580e+00
  1.1939645e+00  5.1262445e+02 -1.6309776e+01 -1.9294299e+00
 -8.1934629e+03  4.8448741e-01  2.6214409e+05  2.5602026e+02
 -5.2429006e+05  6.4056267e+01 -1.0826594e+00  2.0485349e+03
 -1.0485768e+06  2.2675347e+00 -6.5537312e+04  2.2890902e+00
 -5.2428819e+05 -1.0464641e+00 -2.0487537e+03  2.5612360e-01
 -1.6581892e+01  2.6214453e+05  5.2428825e+05  2.0480269e+03
 -3.7983727e+00 -5.1326318e+00 -1.0133385e-02 -8.0713496e-02
  1.9857556e-01 -5.5840272e-01 -2.1822820e+00 -1.9338220e-02
  7.2818369e-01 -8.4538323e-01  3.6753500e-01  1.9980422e+00]
	OpName : Ops.IDENTITY
	Original : [ 0.45969197  1.1581683  -0.21988901  0.8286699  -1.1428944  -1.5706275
 -2.4498556   0.9543588  -0.45861724 -0.6389064   0.06537144 -0.982097
 -0.2973926   0.3826296  -0.22020368  0.61582357 -0.19507964  1.4687172
 -1.618435   -0.7535905  -0.7785717  -0.5557497   0.8031446  -1.8837085
 -0.32345808  0.8926093   0.9858903   0.01216067 -2.1547544  -0.4240115
  0.85383505  0.42499864 -0.68117607  0.38026103 -0.26700884 -0.17643741
 -0.47012603 -1.6058277   0.15689044 -0.19782445  0.3525185   0.27981615
 -0.17604987 -1.7809144   0.60174584 -0.3112812  -0.6916238   2.157495
 -0.08982562  1.2429516   0.11261506  1.9543417  -2.4476063   1.2759104
  0.00692351  1.152533   -0.5069056   1.157122    0.23674946 -0.13424978
  0.1336618   0.49140796 -0.30655184  0.36161616  0.45311415 -0.5567326
 -0.1935801  -0.36176953 -0.886633   -1.9225374   1.8746439   0.32486618
 -0.34990355 -1.1441972  -1.5500486  -0.6089633  -0.08277421  0.23241156
 -1.7046156  -1.101368    0.34645483  0.1020726  -1.7528716   0.32587385
 -1.6777797   1.8940504   0.17383368  0.9152675   0.5312549  -0.60148543
  0.15056828 -0.020658    1.6939645   0.6244278  -0.30977607 -1.9284533
 -1.4628097   0.4688624   0.08583437  0.02026056 -2.0706108   0.05626836
 -1.0787531   0.53500664 -0.79147345  0.26753485 -1.3123592   0.2890901
 -0.20495827 -1.1089641  -0.75377184  0.2873736  -0.58189136  0.5265653
  0.2700996   0.02682752 -2.7983727  -1.1326319  -0.01013338 -0.0807135
  0.19857556 -0.5584027  -2.182282   -0.01933822  0.7281837  -0.8453832
  0.367535    1.9980422 ]
	Time : 0:00:21.276231
 }
{
	Count : 7
	Injected : [ 2.8163013e-01  7.2082597e-01 -6.4931328e+01  2.6214481e+05
  1.0245214e+03 -5.4673582e-02 -8.1367373e-02  3.3099396e+01
 -3.2769227e+04 -2.6214453e+05 -5.1207562e+02  2.1694417e+00
 -1.3107277e+05 -6.7059267e-01 -6.5537141e+04 -2.6214400e+05
  3.2769305e+04 -1.8344870e+00  6.5536516e+04  1.9252585e+00
 -5.2428875e+05 -4.0968071e+03 -2.5644351e+02 -2.6073977e-01
  2.2362483e+00 -2.8802800e-01  2.8587118e-01  1.6384158e+04
 -1.2578870e+00  1.7200193e+01 -2.4264386e+00 -1.6869589e+01
 -4.1349182e+00 -2.6428854e+00 -1.0252302e+03 -2.0485852e+03
 -1.3032266e+00  2.5891986e+02 -1.3107212e+05  3.2768746e+04
 -1.7294411e+01 -2.6214684e+05  9.1864628e-01 -7.0468360e-01
 -8.0459518e+00  1.5416183e-02  6.7149407e-01  2.5268188e+00
  8.1936885e+03 -4.7964193e-02  8.3848768e-01 -6.4053017e+01
  4.6936983e-01 -8.4448498e-01  8.7569487e-01  6.5042175e+01
 -1.6384451e+04 -1.6665062e+01 -5.1515722e-01  4.9026670e+00
  1.1072119e+00  1.0485761e+06 -3.7136650e+00 -2.4515860e+00
  6.5536117e+04  6.4222649e+01 -1.9525589e-01 -2.8887770e-01
  1.0485765e+06  3.2544868e+01 -1.6384258e+04 -1.2837344e+02
 -1.3107228e+05  1.6777334e-01 -1.0485774e+06  1.7555983e+00
  1.1650217e+00  8.1930361e+03  1.6828277e+00  5.2428844e+05
 -2.0488386e+03 -7.2059274e-01  1.0251029e+03  2.0494111e+03
 -2.8521800e-01 -5.2428812e+05 -1.2964536e+02 -2.7471828e-01
  9.0842378e-01  2.5705643e+02 -3.2342804e+01 -1.6948112e+01
  7.6631826e-01  3.3877625e+01  4.7750205e-01  2.6214456e+05
 -5.1296771e+02  1.6384096e+04 -4.2233121e-01  2.0689900e+00
  6.5536414e+04 -1.2862335e+02  1.8475560e+00 -2.5603708e+02
 -8.1925146e+03 -1.0485776e+06  7.1299231e-01 -4.0963535e+03
 -1.9775409e+00 -3.2637142e+01 -1.4468735e+00  2.0651093e+00
 -1.8812815e+00 -1.7017283e-01  3.4111351e+01  2.3820759e-01
 -7.1383071e-01  1.4482824e+00 -2.0482600e+03  1.0485764e+06
  7.3183703e-01 -4.1565293e-01  1.7295633e+01 -1.6384424e+04
 -2.0493960e+03  7.5580776e-01 -6.2311882e-01 -1.3895926e-01
  8.5589945e-01 -1.2830887e+02  1.0256206e+03  6.5174034e+01
 -1.2953973e+02 -1.3957709e+00 -6.5536094e+04  8.3100882e+00
 -1.7556855e-01 -6.5536375e+04  2.6214431e+05 -5.2428831e+05
 -2.3262784e+00  2.5716714e+02  2.0487131e+03  1.9672316e+00
 -3.3457245e+01 -9.8297781e-01 -1.2217699e+00  5.3155780e+00
  2.1234505e+00 -3.2768641e+04 -2.5673999e+02 -1.4380094e+00
  5.2428856e+05  6.6146529e-01 -6.5536336e+04  3.2768398e+04
 -8.1944561e+03  1.3840938e+00  2.5653601e+02  1.0248181e+03
 -5.1313037e+02  2.4788978e+00  5.1264227e+02 -2.5625836e+02
  1.6384475e+04 -3.2042007e+01 -1.6384316e+04  5.1237555e+02
  5.2526188e+00  5.1229425e+02  3.3403023e+01  9.1189903e-01
 -3.3152794e+01  1.0243711e+03 -1.0485774e+06 -2.6214462e+05
 -1.2665474e+00 -2.5705988e+02 -3.3380875e+01  7.5904924e-01
 -4.6167120e-01 -3.2388809e+01  4.5066655e-01  2.6214462e+05
 -8.1920957e+03 -1.1702255e+00  2.9729214e-01 -2.5610364e+02
  1.6832495e+01 -8.1925215e+03 -1.6384127e+04 -1.4331211e+00
  6.5536234e+04 -6.4143135e+01 -5.1385175e+02  1.0485766e+06
  8.7078943e+00 -4.3626990e+00 -2.5657721e+02  3.2769883e+04
  2.9788452e-01  3.3322121e+01 -1.7760662e+01  7.5059521e-01
  1.6432348e+00 -1.2876758e+02 -1.6513838e+01 -3.2349223e-01
  1.6385672e+04  3.2048843e+01  5.8839071e-01 -3.6958727e-01
  1.7287073e+01  3.2441883e+01  8.1922920e+03 -6.7974210e-01
 -1.0249744e+03 -3.2541576e+01  8.9098656e-01 -2.6214653e+05
 -6.5536242e+04  1.2981645e+02  3.5406241e+00 -2.5638177e+02
 -1.3107314e+05  7.2528591e+00 -9.0342445e+00  2.6214519e+05
 -1.6384344e+04 -1.3107372e+05 -4.0969390e+03 -1.0258948e+03
 -8.1921230e+03  2.0484746e+03 -1.0755104e+00 -6.5536531e+04
  2.0490630e+03  4.0368943e+00  8.9894164e-01  4.0967778e+03
  3.2792065e+01 -2.6214509e+05 -2.6122481e-01 -1.6385115e+04
 -3.9219657e-01 -5.2428800e+05 -4.1989061e-01 -5.5451059e-01
  3.4292230e-01  1.0361966e+00 -1.5107314e-01 -1.4593180e+00
 -1.5549521e+00 -1.8569107e+00 -1.7519454e+00 -4.2555836e-01]
	OpName : Ops.IDENTITY
	Original : [ 2.97255129e-01  7.36450970e-01 -9.31329489e-01  8.05361748e-01
  5.21421611e-01 -3.04673582e-01 -8.52736235e-02  1.09939432e+00
 -1.22505605e+00 -5.33912301e-01 -7.56052658e-02  2.13819170e+00
 -7.62669802e-01 -7.33092666e-01 -1.14096355e+00 -1.51280116e-03
  1.30581176e+00 -1.83546352e+00  5.13472855e-01  9.25258517e-01
 -7.36446381e-01 -8.07231009e-01 -4.43523169e-01 -3.23239774e-01
  2.36248165e-01 -1.28802800e+00  2.54621178e-01  1.57568723e-01
 -1.00788701e+00  1.20019341e+00 -4.26438510e-01 -8.69589567e-01
 -1.34918004e-01 -2.89288545e+00 -1.23021638e+00 -5.85220873e-01
 -1.31103909e+00  2.91985226e+00 -1.22674249e-01  7.47850001e-01
 -1.29441011e+00 -2.84586430e+00  4.18646276e-01 -7.08589852e-01
 -4.59517203e-02  4.66661826e-02  6.87119067e-01  5.26818752e-01
  1.68825221e+00 -1.67141929e-02  8.69737685e-01 -5.30138537e-02
  2.19369829e-01 -8.52297485e-01  9.38194871e-01  1.04217327e+00
 -4.50787514e-01 -6.65062606e-01 -1.51572088e-02  9.02667165e-01
  1.10330570e+00  6.61452562e-02 -1.71366489e+00 -2.32658601e+00
  1.15167186e-01  2.22651139e-01 -2.03068390e-01 -2.87901133e-01
  5.09791791e-01  5.44868827e-01 -2.57598370e-01 -3.73440266e-01
 -2.81812638e-01  1.36523336e-01 -1.40062594e+00  1.75755143e+00
  1.65021673e-01  1.03577507e+00  1.93282771e+00  4.59314734e-01
 -8.38512897e-01 -2.20592767e-01  1.10295475e+00  1.41114986e+00
 -7.85218000e-01 -9.38026235e-02 -1.64535892e+00 -1.27471828e+00
  4.08423781e-01  1.05641592e+00 -3.42804044e-01 -9.48111653e-01
  2.66318262e-01  1.87762320e+00  4.15002048e-01  5.76156259e-01
 -9.67702210e-01  9.49186161e-02 -9.22331214e-01  2.56898999e+00
  4.14419413e-01 -6.23358607e-01  1.81630599e+00 -3.70884724e-02
 -5.14185786e-01 -1.58923483e+00  6.97367311e-01 -3.53358865e-01
 -1.99316585e+00 -6.37142599e-01 -1.44882667e+00  6.51092827e-02
 -1.63128150e+00 -1.38922825e-01  2.11134982e+00  2.36254469e-01
 -2.13830709e-01  1.19828236e+00 -2.59924382e-01  3.66482645e-01
  7.33790159e-01 -4.07840431e-01  1.29563332e+00 -4.24492478e-01
 -1.39604998e+00  7.71432757e-01 -5.91868818e-01 -1.35053009e-01
  8.48086953e-01 -3.08870435e-01  1.62056363e+00  1.17403412e+00
 -1.53973365e+00 -1.40358341e+00 -9.34483632e-02  3.10088277e-01
 -4.25568551e-01 -3.78066033e-01  3.01781714e-01 -3.10338050e-01
 -3.26278448e-01  1.16714275e+00  7.13243783e-01  1.95941913e+00
 -1.45724547e+00 -7.32977808e-01 -1.15926993e+00  1.31557786e+00
  1.23450629e-01 -6.40735269e-01 -7.39990115e-01 -1.45363438e+00
  5.65477848e-01  9.11465287e-01 -3.35637540e-01  3.99558783e-01
 -2.45593953e+00  3.84093702e-01  5.36009490e-01  8.18081498e-01
 -1.13038003e+00  4.78897840e-01  6.42257929e-01 -2.58372635e-01
  4.74913210e-01 -4.20071259e-02 -3.15919459e-01  3.75565439e-01
  1.25261855e+00  2.94266045e-01  1.40302169e+00  9.10922468e-01
 -1.15279353e+00  3.71110469e-01 -1.40993977e+00 -6.21762335e-01
 -1.25092244e+00 -1.05986226e+00 -1.38087606e+00  7.74674237e-01
 -4.46046203e-01 -3.88808429e-01  3.88166547e-01  6.18601084e-01
 -9.53361616e-02 -1.04522550e+00  4.72921394e-02 -1.03650965e-01
  8.32494676e-01 -5.21562040e-01 -1.27899840e-01 -1.93312109e+00
  2.35364601e-01 -1.43133268e-01 -1.85174549e+00  6.35254860e-01
  7.07894325e-01 -3.62699121e-01 -5.77221394e-01  1.88381088e+00
  3.05697024e-01  1.32212222e+00 -1.76066267e+00  2.50595182e-01
  1.62760985e+00 -7.67577469e-01 -5.13837039e-01 -7.34922364e-02
  1.67124331e+00  4.88422550e-02  5.86437583e-01 -3.67634147e-01
  1.28707337e+00  4.41884845e-01  2.91695446e-01 -1.67974210e+00
 -9.74345088e-01 -5.41575968e-01  8.94892812e-01 -2.54542255e+00
 -2.38682136e-01  1.81644678e+00  1.54062414e+00 -3.81764263e-01
 -1.13832235e+00  3.25285912e+00 -1.03424466e+00  1.19748235e+00
 -3.42826754e-01 -1.71354175e+00 -9.39001322e-01 -1.89473677e+00
 -1.23165824e-01  4.74635750e-01 -7.55103528e-02 -5.28294444e-01
  1.06287169e+00  3.68943587e-02  3.98941606e-01  7.77837455e-01
  7.92062998e-01 -1.08138025e+00 -7.61224806e-01 -1.11587846e+00
 -4.54696566e-01 -1.09582134e-02 -4.19890612e-01 -5.54510593e-01
  3.42922300e-01  1.03619659e+00 -1.51073143e-01 -1.45931804e+00
 -1.55495214e+00 -1.85691071e+00 -1.75194538e+00 -4.25558358e-01]
	Time : 0:00:42.762338
 }
