Starting log at 2022-05-07 18:27:05.897851

{
	Count : 2
	Injected : [[ 1.3709803e+00 -4.9199864e-01 -2.1573706e-01 ...  6.5536156e+04
  -3.2768816e+04 -9.3790990e-01]
 [ 1.4286553e+00 -6.4412476e+01 -4.0981553e+03 ...  1.5912123e-01
   7.6079911e-01  6.5536539e+04]
 [ 1.0257151e+03  4.0961929e+03  1.6385205e+04 ...  5.2428981e+05
  -5.1303430e+02  6.4055687e+01]
 ...
 [-2.0494683e+03  6.4210342e+01  3.2418175e+01 ... -1.2814954e+02
  -7.0140445e-01 -6.2894040e-01]
 [-1.6384207e+04  1.3107242e+05 -4.0965068e+03 ... -8.1937061e+03
   1.3999736e-01  5.2428831e+05]
 [ 6.4001106e+01  8.7644386e-01 -1.0706885e+00 ...  3.2480020e-02
  -9.1443032e-01 -1.0164740e+00]]
	OpName : Ops.IDENTITY
	Original : [[ 1.3397303e+00 -4.9102208e-01 -2.1671362e-01 ...  1.5345868e-01
  -8.1534451e-01 -9.3888646e-01]
 [ 1.4247490e+00 -4.1247615e-01 -2.1550410e+00 ...  1.6693373e-01
   5.1079911e-01  5.4239261e-01]
 [ 1.7150626e+00  1.9265345e-01  1.2055877e+00 ...  1.8183197e+00
  -1.0343323e+00  5.5687141e-02]
 ...
 [-1.4681400e+00  2.1033956e-01  4.1817439e-01 ... -1.4953791e-01
  -2.0140445e-01 -6.2503415e-01]
 [-2.0667920e-01  4.2684740e-01 -5.0668877e-01 ... -1.7055895e+00
   1.3609111e-01  2.9093623e-01]
 [ 1.1096069e-03  1.8764439e+00 -1.0726416e+00 ...  3.2480020e-02
  -9.1443032e-01 -1.0164740e+00]]
	Time : 0:00:20.907702
 }
{
	Count : 4
	Injected : [[ 1.0634935e+00  6.3983154e-01  1.1964662e+00 ... -1.5427089e-01
   1.6090293e+00  1.2823195e+02]
 [-5.1239667e+02 -5.3947824e-01  2.0485254e+03 ... -5.2428825e+05
   6.6402710e+01 -1.2282376e+00]
 [ 1.7322825e-01 -7.0732945e-01  6.5786423e+01 ... -8.1931650e+03
   5.1216309e+02 -5.1086374e-02]
 ...
 [ 4.0963809e+03 -2.7656361e-01  1.0243204e+03 ...  1.4001731e+00
  -2.0501526e+03  2.0179968e+00]
 [ 6.4234230e+01  5.0703354e+00 -1.2813597e+02 ... -6.4186958e+01
   3.1081972e+00  2.8011265e+00]
 [-1.0264775e+03  4.5838261e+00  6.5537664e+04 ... -2.8458071e-01
  -6.4299621e-02 -2.2391150e+00]]
	OpName : Ops.IDENTITY
	Original : [[ 1.3134935   0.63201904  1.2120912  ... -0.6542709   1.6070762
   0.23194368]
 [-0.39668322 -0.55510324  0.52528936 ... -0.22628191  2.4027114
  -0.22823763]
 [ 0.18104075 -0.69170445  1.7864233  ... -1.1649288   0.16306686
  -0.04718012]
 ...
 [ 0.38081017 -0.2609386   0.3203914  ...  1.3845481  -2.152508
   0.01799682]
 [ 0.23423187  1.0703354  -0.13597144 ... -0.18695757  1.1081972
   0.80112654]
 [-2.4775333   0.58382624  1.6640983  ... -0.2845807  -0.06429962
  -2.239115  ]]
	Time : 0:00:27.797308
 }
{
	Count : 6
	Injected : [ 1.04857650e+06 -1.06671262e+00  6.55362188e+04 -8.92469597e+00
  3.33110085e+01  7.92877436e-01  1.63854922e+04 -3.35413784e-01
 -1.17663071e-01 -3.27684531e+04 -1.23580599e+00 -1.28780869e+02
  2.05075684e+03  1.02571240e+03  1.02470813e+03 -3.30291328e+01
  2.04948804e+03 -3.68911214e-02 -1.63850820e+04  6.55363594e+04
 -2.56207428e+02 -3.20909386e+01 -8.53889883e-01 -5.03228426e+00
  1.02584253e+03  1.63853457e+04 -2.23238349e+00  2.57641815e+02
 -5.13714783e+02 -1.87511146e+00  2.71480370e+00 -5.86730003e-01
  2.27590275e+00  4.09610840e+03  1.63869883e+04  8.19334082e+03
 -6.47101974e+01  1.87575549e-01  1.64715016e+00  2.56403687e+02
 -7.73272932e-01  5.13195068e+02  3.22169113e+01 -1.28155518e+02
 -5.14249146e+02 -1.31073375e+05  6.46918259e+01  1.29296875e+02
  1.43095303e+00 -4.96783352e+00  2.62145219e+05  1.30696701e+02
 -6.55363438e+04  3.27680391e+04 -3.24523582e+01  2.62145312e+05
 -1.31072531e+05  5.13581360e+02 -1.02579175e+03  2.04921631e+03
 -1.76042557e+01  1.02568103e+03  2.79813695e+00 -6.55370703e+04
  2.58090027e+02  1.73296821e+00  5.01088798e-03  5.24288125e+05
 -6.55360469e+04  4.09730225e+03 -1.48273563e+00  3.27683047e+04
 -6.43738937e+01  6.47620850e+01 -2.04252794e-01 -2.43174791e+00
  1.30346191e+00 -3.95395756e-02  1.55893981e+00 -9.58254158e-01
 -4.09680029e+03  6.55366406e+04 -4.87629205e-01  8.19238281e+03
 -1.71284184e-01 -2.22942305e+00  5.24288312e+05  5.24288500e+05
  8.00481129e+00  1.28377029e+02 -1.22318089e+00  2.57697906e+02
  9.26018143e+00  2.62145781e+05 -5.74429810e-01 -3.77057821e-01
 -5.12161499e+02  7.13582516e-01  2.41103142e-01  8.59508801e+00
  1.94433630e-01  6.55381719e+04  1.02548486e+03  2.62146125e+05
  5.24289375e+05 -5.24288938e+05  6.47905426e+01 -3.54254574e-01
  2.56989563e+02  5.17213583e+00  4.91358221e-01  5.04626656e+00
  5.14297974e+02 -3.27680391e+04  2.58733948e+02  2.56116364e+02
  5.13286924e+00 -8.19207617e+03 -1.04857688e+06  5.12979614e+02
  1.81165445e+00  6.55363828e+04  1.75188618e+01 -1.04857750e+06
  1.97620177e+00 -1.06777477e+00 -8.19300098e+03  2.09409490e-01
  3.32645111e+01  2.53092480e+00  1.04857875e+06 -9.50153768e-01
 -1.07425749e+00 -9.96966648e+00  1.63849238e+04  6.58710527e+00
 -6.55367344e+04 -8.88947964e-01 -2.57579224e+02 -2.04894531e+03
  6.55365078e+04 -1.63855527e+04  1.31072234e+05 -2.05253839e-01
  5.12397156e+02 -8.24278641e+00 -5.24288000e+05  1.63857598e+04
  2.00419903e-01  7.74434090e-01  1.04857800e+06 -3.03517282e-01
  1.02483789e+03  1.31074516e+05  5.24288875e+05 -2.27685833e+00
 -1.28713028e+02 -1.02567834e+03  1.44741476e+00 -1.20805538e+00
 -1.61824608e+01  5.13636719e+02  2.23857665e+00  5.24288875e+05
  3.21347296e-01  2.04935718e+03  6.90800786e-01  2.04855322e+03
 -3.27706211e+04 -2.62144906e+05  9.56640244e-01 -1.29370026e+02
 -2.02535582e+00  6.53880119e-01  1.30515969e+00 -1.47802806e+00
  1.28818756e+02 -1.67037916e+00  3.29501122e-01 -8.23737323e-01
  8.63374352e-01  2.56106232e+02 -1.28129506e+00  3.44858360e+00
  1.04857675e+06 -2.37840128e+00 -1.04857850e+06 -1.09259975e+00
  1.65323615e-02 -3.54189754e+00 -6.55387656e+04 -1.72644386e+01
 -2.56306885e+02  1.31073922e+05 -3.07825279e+00  1.05499573e+01
 -2.91264534e-01 -1.00730295e+01  8.19230078e+03  1.84098029e+00
  3.27688984e+04 -1.02553552e+03  1.61241627e+01  1.52627635e+00
  1.63292813e+00 -1.66846275e+01  2.62145250e+05  1.12463999e+00
 -1.02515771e+03 -1.24430418e+00  1.31073359e+05  1.31073219e+05
  1.17499280e+00 -3.12754059e+00  4.09810254e+03  2.52590179e-01
 -1.02438611e+03 -2.56366302e+02  5.13116028e+02  2.67497945e+00
 -3.25154533e+01 -2.88911343e-01 -3.27697148e+04  3.27682500e+04
  2.04885352e+03  5.42772961e+00  4.40232933e-01 -1.06744933e+00
  3.01660180e-01  5.12642151e+02  6.30278230e-01  1.02488269e+03
 -2.08751178e+00 -1.63842988e+04 -1.42143452e+00 -1.18065226e+00
  1.29467407e+02 -3.27711680e+04 -6.55360078e+04  2.16558743e+00
  5.13205200e+02 -2.56989716e+02 -1.42029214e+00 -2.04865479e+03
 -4.26816136e-01  8.62563401e-03  9.61398482e-01 -1.19224441e+00
  1.94962251e+00 -2.49763656e+00 -1.27849376e+00  5.58905900e-01
 -3.49482715e-01  8.18161488e-01  8.62897575e-01 -1.88544273e+00]
	OpName : Ops.IDENTITY
	Original : [ 0.44777787 -1.0823376   0.21820949 -0.9246964   1.3110083   0.85537744
  1.4925908  -0.33150753 -0.05516307 -0.45259416 -1.485806   -0.7808672
  2.7568467   1.7124515   0.7081193  -1.0291333   1.4880519  -0.00564112
 -1.0813743   0.35793263 -0.20742951 -0.09093785 -0.8226399  -1.0322844
  1.8425655   1.3453088  -2.2480085   1.6418091  -1.7147651  -0.87511146
  0.7148038  -0.61798     2.279809    0.10826514  2.9877272   1.3410116
 -0.7102005   0.12507555  1.1471502   0.40367144 -0.75764793  1.195087
  0.21691042 -0.15552443 -2.2491748  -1.3815081   0.6918254   1.2968805
  1.4231405  -0.9678334   1.2228048   2.696702   -0.34628052  0.03729574
 -0.4523592   1.3042458  -0.5285644   1.5813746  -1.7917067   1.2161999
 -1.6042559   1.6810793   2.8020432  -1.0669222   2.0900383   1.7339448
  0.02063589  0.13911112 -0.04870346  1.3021263  -1.4837122   0.30599883
 -0.37389046  0.76208305 -0.1886278  -2.4239354   1.2995557  -0.5395396
  1.5433148  -0.70825416 -0.80046123  0.6395842  -0.48567608  0.38240182
 -0.14003418 -2.2216105   0.32188258  0.523653    0.00481157  0.37703285
 -1.0981809   1.6978914   1.260181    1.7783319  -0.5754064  -0.38487032
 -0.16147101  0.71748877  0.17860314  0.59508806  0.19052738  2.1738992
  1.4848758   2.1322532   1.3856059  -0.9211032   0.79054576 -0.35523114
  0.98954964  1.1721358   0.49038166  1.0462663   2.2979684  -0.03923868
  2.7339587   0.1163693   1.1328691  -0.07637748 -0.8535368   0.9796204
  1.7960294   0.38324237  1.5188621  -1.4766167   1.9918268  -1.0755873
 -1.0007436   0.14690949  1.2645106   2.5299482   2.7948244  -0.70015377
 -1.5742575  -1.9696664   0.92445105  2.5871053  -0.7308309  -1.888948
 -1.5792208  -0.94521004  0.511502   -1.5520291   0.23370199 -0.23650384
  0.3971567  -0.24278665 -0.02802964  1.7594682   0.19651365  0.7763872
  2.0259314  -0.30156416  0.8378892   2.5078256   0.847344   -2.0268583
 -0.71302956 -1.6783249   1.3224148  -1.2041491  -0.18246022  1.6366937
  2.4885767   0.8635687   0.3135348   1.3570749   0.6898242   0.5532612
 -2.6215265  -0.8933252   0.4566402  -1.3700231  -2.1503558   0.5288801
  1.3676597  -1.353028    0.8187628  -1.6664729   0.32852456 -0.82276076
  0.87118685  0.10622495 -0.2812951   1.4485836   0.7117177  -2.1284013
 -2.5108278  -1.2175997   0.51653236 -3.5575225  -2.762229   -1.2644378
 -0.30688366  1.915221   -1.0782528   2.549957   -2.2912645  -2.0730293
  0.30099007  1.8722303   0.89668137 -1.5355387   0.12416233  0.52627635
  1.6251156  -0.684628    1.2382538   1.62464    -1.1577299  -0.24430412
  1.3622252   1.2261149   1.0499928  -2.1275406   2.1027348   2.2525902
 -0.38608825 -0.3663011   1.1160027   0.67497945 -0.5154537  -1.2889113
 -1.7163314   0.24820173  0.85343474  1.4277296   0.37773293 -1.0752618
  0.27041018  0.6421205   0.6380907   0.8826554  -0.08751188 -0.29921985
 -1.2964345  -1.1816288   1.4674065  -3.166474   -0.00603513  0.16558751
  1.2052087  -0.9897239  -1.4163859  -0.65487427 -0.48931614  0.03987563
  0.9613985  -1.1922444   1.9496225  -2.4976366  -1.2784938   0.5589059
 -0.34948272  0.8181615   0.8628976  -1.8854427 ]
	Time : 0:00:42.733494
 }
