Starting log at 2022-05-07 18:27:05.897876

{
	Count : 3
	Injected : [-1.79095685e+00  1.94856477e+00 -2.04926440e+03  5.24288375e+05
  2.97486216e-01  3.20687904e+01 -8.17095757e-01 -5.24290062e+05
  1.28723572e+02  1.31072406e+05 -3.31321335e+01 -9.70672309e-01
  5.12142822e+02  1.31073062e+05 -8.96375924e-02  6.55367734e+04
 -1.03527319e+00  4.09616406e+03 -2.36891913e+00  3.27688672e+04
 -3.24873328e-01 -1.31072688e+05  1.04857675e+06  1.48136365e+00
 -2.56159882e+02  2.04893408e+03  2.56395630e+02  3.64961565e-01
 -1.04857888e+06  6.55381641e+04  1.04502392e+00  8.43009531e-01
 -1.31073375e+05 -4.91662312e+00  1.15352654e+00  3.27687070e+04
 -5.33992589e-01 -6.54257355e+01 -1.21508062e+00 -8.19201660e+03
  8.74601555e+00 -5.11427343e-01  5.24288438e+05 -3.05752829e-02
 -2.44380891e-01  2.57254944e+02  1.28080505e+02 -1.29300125e+02
  8.21009636e+00  2.62144812e+05 -8.19226172e+03 -3.42564087e+01
 -9.51521277e-01 -8.17793846e-01 -1.62041271e+00 -8.19216699e+03
  4.09611914e+03  2.56337067e+02  6.65973358e+01 -4.05710578e-01
  1.20372891e+00  5.24289188e+05  9.52958107e-01  8.19339746e+03
  2.04885913e+03 -8.45216084e+00 -1.69624004e+01 -5.15234375e+00
 -6.55363125e+04  9.02035415e-01 -2.04814746e+03 -2.23309255e+00
  2.56547882e+02  1.02411877e+03 -8.19258594e+03 -1.54023147e+00
  1.61896145e+00 -3.98954749e-01  1.40181625e+00  4.09729834e+03
 -1.02450012e+03 -1.78216422e+00  3.38541183e+01 -1.52831185e+00
  6.72147810e-01 -3.20214195e+01 -4.76239659e-02  2.77091789e+00
 -1.21201801e+00 -1.31072188e+05 -4.09607227e+03  2.10458532e-01
 -5.24290562e+05  7.02837288e-01  2.53310829e-01  1.23118067e+00
 -8.32815266e+00  1.29393967e+02 -1.02003074e+00 -4.37969112e+00
 -3.72515529e-01  3.27681055e+04  2.62144188e+05  1.02494519e+03
  5.12793945e+02 -2.56332642e+02  1.91328394e+00  2.39473891e+00
  3.30020599e+01  6.55370078e+04 -1.02448560e+03  1.63850996e+04
 -3.93710446e+00  1.02499304e+03 -1.02479871e+03  1.03287125e+00
  1.61064073e-01  3.30687943e+01  5.80119252e-01 -1.72314310e+00
 -1.33763599e+00  3.27689102e+04 -8.19267285e+03 -1.63870488e+04
 -8.19232520e+03 -5.50227165e-01 -3.41686040e-01 -2.04169244e-01
  1.72690153e-02 -6.40149841e+01 -5.13313110e+02 -3.70089501e-01
 -3.10541773e+00 -8.49720860e+00  8.39462376e+00 -1.46728551e+00
 -5.24288500e+05  1.29208633e+02 -3.27690078e+04  1.06076884e+00
 -1.80358696e+00  9.19045639e+00 -2.62144875e+05 -5.12513611e+02
  3.29011536e+01  8.19320312e+03 -6.45281982e+01 -2.62145688e+05
 -5.12368591e+02 -2.70887470e+00 -7.63918459e-01  8.43718243e+00
 -8.02258134e-01 -2.22891665e+00 -5.13048035e+02 -2.56357147e+02
 -2.67902184e+00  1.04121685e-01 -5.13498474e+02 -1.02514514e+03
  5.12923645e+02  5.13107849e+02 -1.43536961e+00 -2.62144344e+05
  1.06982403e-01 -5.13483765e+02  1.02402502e+03  1.02523596e+03
  1.04857600e+06 -2.62144531e+05  1.36684585e+00  1.12646028e-01
  3.27684062e+04 -1.80149555e+00 -9.06430185e-01  5.47139466e-01
  1.25196800e-01 -5.24288750e+05 -8.19204004e+03  9.64659214e+00
 -5.24288312e+05 -3.23140831e+01 -1.13701379e+00 -3.20856438e+01
 -8.13848227e-02  4.09640625e+03  1.01657622e-01 -6.55362656e+04
  2.12814882e-01  1.63846484e+04  5.12868286e+02 -6.46075439e+01
  3.30378876e+01 -1.64692879e-01  2.32309580e-01 -7.85924911e-01
 -1.63841465e+04 -4.09730859e+03  3.27689336e+04 -2.28162035e-01
  2.04825830e+03  2.76811695e+00 -6.55360469e+04  6.45659208e-01
 -6.22903287e-01  2.83786702e+00  8.96931231e-01 -3.09419274e-01
 -1.70559871e+00  2.04981567e+03 -6.45434723e+01  2.62144688e+05
  2.62146281e+05 -1.96078908e+00 -1.63852305e+04 -3.23995996e+00
 -1.02453516e+03  4.09633398e+03  7.15369344e-01  1.31073312e+05
 -5.24289438e+05 -1.65909505e+00  2.75401413e-01  2.54458714e+00
 -5.67064583e-01  2.11611295e+00  2.88731337e-01 -2.62145250e+05
  2.58942688e+02 -1.31073203e+05  8.41531932e-01  6.55368828e+04
  3.84814292e-01  6.50727005e+01 -2.56331421e+02 -4.57115746e+00
 -6.30199909e-04 -1.33981729e+00 -2.04821362e+03 -1.28874161e+02
 -1.04857750e+06  6.43958435e+01  1.42688990e+00  1.31072328e+05
 -2.62146281e+05  3.27685078e+04 -5.51856995e-01 -9.35302496e-01
 -7.00020730e-01 -1.02535559e+03 -4.09656982e+03  6.41373825e+01
  6.53015060e+01  5.62336564e-01 -3.27680039e+04  1.63842031e+04
  1.63847598e+04 -1.31073156e+05 -2.72342372e+00  1.04857625e+06
 -1.49091613e+00 -1.02456006e+03 -1.02427734e+03 -6.50807724e+01
  8.27564359e-01 -1.04857700e+06 -1.04857625e+06 -8.77477741e+00
 -1.83997130e+00  3.27682188e+04 -2.56853516e+02 -1.61143723e+01
  1.04857712e+06 -5.14287476e+02 -5.12051880e+02  1.23676993e-01
  1.04857612e+06  6.62668169e-01  9.02967644e+00 -6.67344749e-01
  5.47358096e-01 -3.21033440e+01 -1.02406909e+03 -4.24894750e-01
  7.41721690e-01  1.28446747e+02 -1.55414522e+00  1.02752817e+00
 -5.20770401e-02  8.10350609e+00  1.26260197e+00 -7.67296910e-01
 -2.56827606e+02  5.24288125e+05  9.70252323e+00 -8.19258789e+03
 -1.66978270e-01  1.28580902e+02  4.41747522e+00  1.09676552e+00
 -2.04874536e+03 -9.17889595e-01 -1.77749214e+01  1.69519615e+01
  5.39179087e-01 -1.54075146e-01  5.12266541e+02 -6.55365234e+04
 -1.02452612e+03  1.02420520e+03  2.62145656e+05 -1.28356934e+02
 -7.46578634e-01 -8.19213477e+03  8.19274805e+03  6.25036776e-01
  7.91925251e-01  1.42607987e+00  2.04979614e+03 -1.02475244e+03
 -7.29675829e-01  8.19270703e+03  1.11892712e+00 -9.65996504e-01
 -2.70915329e-01  1.31072547e+05  2.17582107e-01  5.24288000e+05
 -1.31072250e+05 -1.02451501e+03 -1.65633411e+01  5.12225342e+02
 -3.41038108e-01 -9.31181717e+00  1.29625534e+02 -8.83060515e-01
  1.37861645e+00  1.02400061e+03  4.33718741e-01 -1.63855371e+04
 -1.28899689e+02 -1.01826572e+00 -2.40528727e+00 -1.02616968e+03
  1.04857688e+06  2.62145062e+05 -2.56050476e+02  1.06404364e+00
 -1.38446820e+00 -3.33294945e+01  5.12917175e+02  2.62146344e+05
 -1.31072375e+05  1.72488995e+01 -6.50584793e+01  5.24289312e+05
  1.04857650e+06  3.27694922e+04 -1.94212198e-02  1.63272429e+00
 -1.06892669e+00 -1.24858129e+00  6.55365000e+04 -1.78609009e+01
  5.24288312e+05  1.29262985e+02 -1.28592712e+02 -5.13305481e+02
 -4.09754346e+03 -2.04915552e+03 -5.87660551e-01  2.04936377e+03
 -3.27681602e+04 -3.52992028e-01 -1.08681548e+00 -9.32601452e+00
  5.24288062e+05  1.29094559e+02 -2.25982285e+00  1.07308912e+00
  1.65683117e+01  1.33886564e+00 -8.32222402e-01  9.50678635e+00
 -9.35265422e-01  1.02488196e+03  1.31072969e+05 -6.68516235e+01
 -1.62541504e+01 -8.33439255e+00 -8.19354297e+03  2.14722052e-01
  6.20532370e+00  4.09664062e+03 -4.69923675e-01  5.24288312e+05
 -8.12661648e+00 -1.68663120e+01  3.05852270e+00  6.55362109e+04
  1.04857625e+06  9.05237913e-01 -1.59952223e-01  1.04857650e+06
 -1.51706076e+00 -9.04315174e-01  6.45525589e+01 -5.24289688e+05
 -4.09656104e+03 -1.04554248e+00 -2.56658173e+02 -1.48024929e+00
 -5.24288375e+05 -6.52733154e+01  1.62040424e+00  2.04837915e+03
  5.24289000e+05  4.64702070e-01  5.12595154e+02 -1.02489709e+03
  2.02499056e+00 -3.29707603e+01  2.04833862e+03  3.32556572e+01
 -1.67324281e+00 -9.63146329e-01  2.57039581e+02  1.04857750e+06
  1.66678965e+00 -9.65826035e-01  1.28705204e+00 -1.39646411e-01
  3.28617167e+00 -4.38549328e+00 -1.41968167e+00  6.48889160e+01
 -2.58153290e+02 -4.89082634e-01  8.16154718e-01 -2.58037746e-01
 -2.04876099e+03  3.68909210e-01  4.11608028e+00  5.24289312e+05
  2.62144312e+05 -1.04857675e+06 -1.60875130e+01  5.96007824e+00
 -1.13033521e+00  2.54207134e+00  1.31514931e+00 -3.23105888e+01
 -1.00231469e+00 -1.47476244e+00 -5.24290312e+05 -3.20886192e+01
 -6.55363594e+04 -1.28931366e+02  3.22263489e+01 -2.96574682e-02
  3.51114541e-01 -1.07541609e+00 -8.55927563e+00 -7.70355344e-01
 -4.09726611e+03 -1.61322236e+00  5.41289508e-01 -1.63851016e+04
  4.76786733e-01  3.27162895e+01  1.28005554e+02 -2.62145312e+05
 -1.04857638e+06 -2.57213806e+02 -6.44272308e+01 -7.68103540e-01
  1.30026321e+02  1.60540905e+01  3.35688257e+00  1.02549585e+03
  1.02446155e+03 -4.09618848e+03 -1.95962048e+00  1.31072516e+05
  1.65899506e+01  8.66239250e-01  8.74152565e+00  6.50577068e-01
  2.56775635e+02  8.12867928e+00  5.12075439e+02 -1.02409985e+03
  2.56023499e+02 -1.51254559e+00  5.12054749e+02  1.31072844e+05
 -3.21739388e+01  2.04862402e+03 -5.12242065e+02 -1.46092832e+00
  1.63841348e+04  2.88545758e-01 -1.31072547e+05  5.12066406e+02
  2.57932305e+00 -1.02495117e+03 -5.63640308e+00 -1.30571930e+02
  1.62673473e+01 -1.63843613e+04 -3.20629196e+01  4.09636523e+03
 -1.74237445e-01  6.44471588e+01  2.62145062e+05  2.62145406e+05
  6.60157251e+00 -1.61535416e+01  2.04824756e+03  5.13090393e+02
 -1.31073688e+05 -2.62144625e+05 -1.31073047e+05  2.05192283e-01
 -1.29524658e+02  6.63197756e-01 -2.62144750e+05  2.56557983e+02
  5.63347876e-01 -1.31072359e+05 -1.34867799e+00  6.55366719e+04
  5.24288438e+05  2.56077332e+02  6.40266647e+01 -3.27690195e+04
 -8.19232031e+03  6.44457092e+01 -1.31074656e+05 -3.27703711e+04
 -8.19224805e+03 -3.35623145e-01 -3.09814215e-02 -3.72549725e+00
  8.19279590e+03  7.38437653e-01  8.19239648e+03  2.04801196e+03
 -3.42597656e+01 -1.31072781e+05 -8.86919117e+00  1.22025698e-01
  5.23969710e-01 -3.27683711e+04  5.24288562e+05  5.24288625e+05
 -1.31072344e+05 -1.11852273e-01 -6.41691742e+01  4.09612354e+03
  1.02462463e+03  1.73992604e-01 -3.24400368e+01 -1.43152905e+00
 -8.06503713e-01  1.61232166e+01  6.31762505e-01 -2.92935550e-01
 -6.57793343e-01 -1.62320251e+01  2.28311300e+00  6.55363672e+04
 -7.59575844e-01 -1.59512401e+00 -5.14620364e-01  6.46161880e+01
  1.04857638e+06 -1.31072594e+05 -2.62145344e+05 -5.46374512e+00
  3.27691211e+04  8.60789359e-01  8.14733601e+00 -1.29746348e-02
  2.56684265e+02  1.64127064e+01  6.45260696e+01 -5.24289438e+05
 -1.04857675e+06 -2.48270345e+00  6.66517019e-01  3.27684453e+04
 -3.06451529e-01  1.04857700e+06  1.31072562e+05  6.68122530e-01
 -4.31615925e+00 -1.61146946e+01 -3.27693828e+04  2.74423122e-01
 -1.52813840e+00  2.82603621e-01  1.63851797e+04 -2.56710632e+02
 -4.27871037e+00 -3.27683477e+04 -6.51949234e+01 -2.62144688e+05
  1.30037598e+02 -1.66991383e-01  9.19547677e-01 -1.63982439e+00
  2.58678375e+02  2.04851807e+03  4.42242813e+00 -3.78558576e-01
  4.14122581e+00 -8.19285547e+03 -5.31629086e+00 -1.02532104e+03
  6.55786667e+01 -5.46272755e-01  2.92837322e-01  3.22995377e+01
  1.63847285e+04  1.28096909e+02 -8.56241798e+00  1.31072078e+05
  3.21804543e+01 -3.21970329e+01  3.58156353e-01 -1.08685291e+00
  4.70879078e-02 -1.02613723e+00  4.09720410e+03 -3.27686367e+04
 -6.20219707e-01  8.19327930e+03  1.04857700e+06 -8.39821622e-03
  1.31073469e+05 -2.56193878e+02 -2.56334290e+02  1.31072469e+05
 -6.55372656e+04 -8.57511640e-01 -1.62556210e+01  5.12604431e+02
  2.62144688e+05 -4.09718262e+03  1.74335365e+01  4.38009828e-01
  2.72576857e+00 -1.63842734e+04 -2.62144375e+05 -2.04863086e+03
 -8.63688886e-01  1.28087418e+02 -5.24289250e+05 -1.31072297e+05
 -8.19352148e+03  8.66064250e-01 -1.64354858e+01 -6.55362969e+04
 -6.55361719e+04  5.13533630e+02  1.86936617e+00 -6.55377969e+04
  1.68754463e+01  1.28396988e+02 -2.26711917e+00 -2.60576010e+00
  1.02432141e+03 -8.60765696e-01  1.28903870e+02 -4.09608789e+03
 -1.49282670e+00 -8.19221875e+03 -6.55366953e+04 -6.86061919e-01
 -4.09617139e+03  8.11474323e-01  1.56666970e+00  6.75916314e-01
  1.61344433e+01  3.27692930e+04  6.55360938e+04  1.63844531e+04
 -1.95619774e+00 -1.40371978e+00  1.04857775e+06  6.55370469e+04
 -1.54858023e-01 -1.02487708e+03  4.09631445e+03 -8.30382442e+00
 -2.58461833e-01 -2.57416473e+02 -1.34802115e+00  1.02405286e+03
 -1.04857650e+06 -7.69413173e-01 -1.04857725e+06 -1.75956011e+00
  2.04957886e+03 -1.02476306e+03 -4.12438512e-01 -1.41669452e+00
  3.21357613e+01  1.60932789e+01  1.63847559e+04 -1.13674486e+00
 -2.56641174e+02  5.24288625e+05 -1.70149529e+00 -9.19070840e-01
  2.04896655e+03 -6.06131136e-01  1.28973126e-01  6.54290466e+01
  1.63846152e+04 -9.30198789e-01  6.51448593e+01 -4.46640015e-01
  8.99358559e+00  3.04861879e+00 -3.20562973e+01  1.30314812e-01
  7.91568279e-01 -4.98649657e-01  1.63854141e+04  1.63374767e+01
  2.62144750e+05  1.31072422e+05 -2.56302948e+02  1.31072672e+05
 -8.12188923e-01 -3.21961365e+01  1.29951656e-01  2.03892040e+00
  8.31640434e+00  5.12141296e+02 -1.02426208e+03  1.48946822e+00
  2.56626190e+02 -1.35715818e+00  6.55367734e+04  5.22949791e+00
 -1.04278791e+00 -6.20033920e-01  1.13086259e+00 -2.07756221e-01
  2.90893346e-01  1.72669327e+00 -8.77165258e-01 -1.30037460e+02
 -1.04940438e+00  1.29094879e+02 -2.04893799e+03 -4.33039379e+00
 -2.56006958e+02  1.82539150e-02 -8.81367624e-01 -2.62145750e+05
 -1.86895981e-01 -8.29059124e-01 -3.22138667e-01  4.43831831e-03
  4.78136778e+00  5.93671262e-01  2.29871559e+00 -2.04802246e+03
  2.62144344e+05  1.02527454e+03  1.34767902e+00  1.45247567e+00
 -1.22628307e+00  8.37643892e-02 -2.92483389e-01  8.85197222e-01
  1.82930633e-01 -3.77745569e-01  7.41087735e-01  3.91953029e-02]
	OpName : Ops.IDENTITY
	Original : [-1.79290998e+00  9.48564708e-01 -1.26432085e+00  3.63514513e-01
  3.05298716e-01  6.87888339e-02 -8.19048882e-01 -2.05221176e+00
  7.23566175e-01  4.10991758e-01 -1.13213384e+00 -9.39422309e-01
  1.42804548e-01  1.05695355e+00 -8.18250924e-02  7.72724748e-01
 -1.04308569e+00  1.63849577e-01 -3.68919164e-01  8.65661025e-01
 -8.24873328e-01 -6.82413518e-01  7.23878443e-01  1.48234022e+00
 -1.59870014e-01  9.34083760e-01  3.95620793e-01  4.89961565e-01
 -2.88175845e+00  2.16531587e+00  1.01377392e+00  8.39103281e-01
 -1.37315905e+00 -9.16622877e-01  1.53526500e-01  7.08810210e-01
 -3.39925922e-02 -1.42573297e+00 -1.21117437e+00 -1.69495344e-02
  7.46015370e-01 -5.09474218e-01  4.07985479e-01 -2.86221579e-02
 -1.19380891e-01  1.25492978e+00  8.05124193e-02 -1.30012059e+00
  2.10096449e-01  8.04990828e-01 -2.61689723e-01 -2.25641012e+00
 -4.51521277e-01 -8.25606346e-01 -1.74541271e+00 -1.67400405e-01
  1.18899681e-01  3.37060988e-01  2.59733963e+00 -3.97898078e-01
  1.20470548e+00  1.16917336e+00  4.52958107e-01  1.39731479e+00
  8.59225452e-01 -4.52160656e-01 -9.62400198e-01 -1.15234375e+00
 -3.13212931e-01  9.64535415e-01 -1.47492155e-01 -2.33092546e-01
  5.47880352e-01  1.18766382e-01 -5.85983634e-01 -5.40231466e-01
  1.86896145e+00 -3.99931312e-01  1.27681625e+00  1.29821754e+00
 -5.00167668e-01 -1.78314078e+00  1.85411835e+00 -1.55956185e+00
  6.79960310e-01 -2.14186367e-02 -3.19989659e-02  7.70917833e-01
 -1.21397114e+00 -1.86606467e-01 -7.21270740e-02  2.41708532e-01
 -2.53507257e+00  7.01860726e-01  3.31083313e-03  1.73118067e+00
 -3.28152955e-01  1.39396882e+00 -1.52003074e+00 -3.79691213e-01
 -3.74468654e-01  1.07104957e-01  1.76856458e-01  9.45193112e-01
  7.93969512e-01 -3.32655072e-01  9.13283944e-01  3.94739002e-01
  1.00205803e+00  1.00477362e+00 -4.85633254e-01  1.09920132e+00
 -2.93710446e+00  9.92985785e-01 -7.98745334e-01  1.28287125e+00
  1.76689073e-01  1.06879306e+00  8.01192671e-02 -7.23143101e-01
 -3.37636054e-01  9.12109077e-01 -6.73090458e-01 -3.04812503e+00
 -3.24895948e-01 -5.34602165e-01 -3.37779790e-01 -2.11981744e-01
  7.97690153e-02 -1.49849802e-02 -1.31310749e+00 -4.95089501e-01
 -1.10541761e+00 -4.97208953e-01  3.94624025e-01 -4.67285514e-01
 -5.11622608e-01  1.20863092e+00 -1.00955737e+00  1.04514384e+00
 -1.86608696e+00  1.19045687e+00 -8.84493709e-01 -5.13602376e-01
  9.01151955e-01  1.20298278e+00 -5.28201997e-01 -1.69114399e+00
 -3.68571252e-01 -2.95887470e+00 -7.64895022e-01  4.37182635e-01
 -8.10070634e-01 -2.28916660e-01 -1.04802418e+00 -3.57135564e-01
 -6.79021835e-01  2.29121685e-01 -1.49849617e+00 -1.14509749e+00
  9.23646688e-01  1.10784960e+00 -1.42755711e+00 -3.48365992e-01
  9.91699025e-02 -1.48375320e+00  2.50320639e-02  1.23601055e+00
  6.22419864e-02 -5.25503337e-01  3.66845846e-01  9.70210284e-02
  4.05832738e-01 -8.01495552e-01 -9.07406747e-01  4.71394509e-02
  1.87696800e-01 -7.72583544e-01 -3.97984795e-02  1.64659202e+00
 -3.22917312e-01 -3.14082652e-01 -1.13310754e+00 -8.56426731e-02
 -8.04082602e-02  4.06382352e-01  1.03610747e-01 -2.64526516e-01
  1.50314882e-01  6.48871064e-01  8.68284941e-01 -6.07542396e-01
  1.03788793e+00 -1.16469288e+00  4.82309580e-01 -8.01549911e-01
 -1.46967292e-01 -1.30877852e+00  9.32268560e-01 -1.65662035e-01
  2.58271873e-01  7.68117011e-01 -4.79129963e-02  6.47612333e-01
 -7.47903287e-01  8.37867022e-01  9.28181231e-01 -3.71919274e-01
 -1.58059871e+00  1.81562126e+00 -5.43474674e-01  6.84223711e-01
  2.27157736e+00 -1.89828908e+00 -1.23054457e+00 -2.23995996e+00
 -5.35119355e-01  3.33838433e-01  7.07556844e-01  1.31923592e+00
 -1.41971779e+00 -1.72159505e+00  2.76377976e-01  5.44587195e-01
 -6.92064583e-01  1.16112918e-01  2.87754774e-01 -1.23731840e+00
  2.94267488e+00 -1.19752610e+00  8.43485057e-01  8.86252582e-01
  2.59814292e-01  1.07270038e+00 -3.31421912e-01 -5.71157277e-01
 -1.25630200e-01 -1.33884072e+00 -2.13729724e-01 -8.74164581e-01
 -1.52499461e+00  3.95843208e-01  1.92688990e+00  3.34178269e-01
 -2.28866172e+00  5.07514656e-01 -5.47950745e-01 -4.35302466e-01
 -7.31270730e-01 -1.35561037e+00 -5.69611013e-01  1.37382805e-01
  1.30150926e+00  5.61360002e-01 -4.56400495e-03  2.02238739e-01
  7.59360969e-01 -1.15938663e+00 -2.69217372e+00  2.87276477e-01
 -1.99091613e+00 -5.60111761e-01 -2.77383745e-01 -1.08077157e+00
  8.26587796e-01 -1.02971816e+00 -2.33267099e-01 -7.74777710e-01
 -1.33997130e+00  2.16855168e-01 -8.53504837e-01 -1.14372514e-01
  1.17675018e+00 -2.28745389e+00 -5.18699326e-02  1.15864493e-01
  1.19710684e-01  9.12668169e-01  1.02967608e+00 -5.42344749e-01
  6.72358096e-01 -1.03344567e-01 -6.91500753e-02 -4.28801000e-01
  9.91721690e-01  4.46753561e-01 -1.55219209e+00  1.52752817e+00
 -5.98895401e-02  1.03506021e-01  1.27822697e+00 -7.51671910e-01
 -8.27617645e-01  1.30058125e-01  1.70252311e+00 -5.87414742e-01
 -4.16978270e-01  5.80895364e-01  4.17475432e-01  1.22176552e+00
 -7.45394468e-01 -9.15936470e-01 -1.77492058e+00  9.51961040e-01
  1.53917909e+00 -1.15407515e+00  2.66551733e-01 -5.26140451e-01
 -5.26147902e-01  2.05183938e-01  1.64463508e+00 -3.56936693e-01
 -7.38766134e-01 -1.34320632e-01  7.48476863e-01  6.56286776e-01
  8.54425251e-01  1.43389237e+00  1.79604995e+00 -7.52403200e-01
 -6.98425829e-01  7.07000136e-01  1.05642712e+00 -8.40996504e-01
 -3.02165329e-01  5.53252041e-01  1.21758211e+00  2.83764247e-02
 -2.52742529e-01 -5.15069485e-01 -5.63341916e-01  2.25362539e-01
 -1.34103811e+00 -1.31181681e+00  1.62553227e+00 -8.86966765e-01
  3.78616482e-01  5.75376616e-04  4.35671866e-01 -1.53792250e+00
 -8.99691403e-01 -1.04951572e+00 -4.05287266e-01 -2.16967773e+00
  8.55148911e-01  1.05968285e+00 -5.04789799e-02  6.40436634e-02
 -1.25946820e+00 -1.32949448e+00  9.17155504e-01  2.33741736e+00
 -3.73830736e-01  1.24890029e+00 -1.05847979e+00  1.30620766e+00
  5.15280366e-01  1.49167728e+00 -1.44421220e-01  6.32724345e-01
 -1.00642669e+00 -1.24662817e+00  5.00167489e-01 -1.86090016e+00
  3.02835792e-01  1.26298499e+00 -5.92710197e-01 -1.30550301e+00
 -1.54322159e+00 -1.15542150e+00 -1.58766055e+00  1.36380255e+00
 -1.60820052e-01 -3.52015465e-01 -1.07900298e+00 -1.32601452e+00
  5.18220440e-02  1.09455895e+00 -2.26372910e+00  1.32308912e+00
  5.68311989e-01  1.37011564e+00 -5.82222402e-01  1.50678635e+00
 -6.85265422e-01  8.81991625e-01  9.68980372e-01 -2.85162282e+00
 -2.54151195e-01 -3.34392726e-01 -1.54252017e+00  1.52222052e-01
  2.20532370e+00  6.40690029e-01 -2.19923675e-01  3.39203268e-01
 -1.26616687e-01 -8.66312623e-01  1.05852282e+00  2.14788258e-01
  3.01408023e-01  4.05237943e-01 -3.49522159e-02  5.12400806e-01
 -5.17060697e-01 -4.04315174e-01  5.52556217e-01 -1.68379283e+00
 -5.61094403e-01 -1.04651904e+00 -6.58187509e-01 -1.48415554e+00
 -3.65897626e-01 -1.27331698e+00  1.61845112e+00  3.79105508e-01
  9.88431096e-01  2.14702055e-01  5.95135987e-01 -8.97100806e-01
  2.49905828e-02 -9.70761955e-01  3.38517219e-01  1.25565755e+00
 -1.64199281e+00 -9.67052579e-01  1.03957736e+00  1.53860676e+00
  1.66776621e+00 -4.65826064e-01  1.34955204e+00 -3.89646411e-01
  2.28617167e+00 -3.85493457e-01 -1.41186917e+00  8.88915241e-01
 -2.15327668e+00 -4.91035759e-01  5.66154718e-01 -2.59990871e-01
 -7.60975718e-01  3.53284210e-01  1.16080210e-01  1.28931439e+00
  3.23955357e-01 -7.14639366e-01 -8.75120163e-02  1.96007836e+00
 -1.13814771e+00  5.42071342e-01  1.25264931e+00 -3.10588121e-01
 -2.31465953e-03 -1.41226244e+00 -2.28975344e+00 -8.86184350e-02
 -3.63027245e-01 -9.31369960e-01  2.26349279e-01 -3.06340307e-02
  1.01114534e-01 -1.07736921e+00 -5.59275985e-01 -7.66449094e-01
 -1.26619971e+00 -6.13222361e-01  4.12894972e-02 -1.10134685e+00
  4.45536733e-01  7.16291368e-01  5.55958506e-03 -1.30352116e+00
 -4.09337968e-01 -1.21382070e+00 -4.27233011e-01 -7.99353540e-01
  2.02631545e+00  5.40912971e-02  1.35688269e+00  1.49589121e+00
  4.61557716e-01 -1.88399523e-01 -1.45962048e+00  5.20472288e-01
  5.89950621e-01  8.34989250e-01  7.41525352e-01  6.48623943e-01
  7.75621772e-01  1.28679261e-01  7.54151121e-02 -9.98992622e-02
  2.34878361e-02 -1.01254559e+00  5.47698885e-02  8.39556813e-01
 -1.73939183e-01  6.24052942e-01 -2.42095396e-01 -1.39842832e+00
  1.34067804e-01  2.96358258e-01 -5.44279397e-01  6.64348453e-02
  2.51682305e+00 -9.51206982e-01 -1.63640296e+00 -2.57193065e+00
  2.67347425e-01 -3.61221761e-01 -6.29211217e-02  3.65053624e-01
 -1.72284320e-01  4.47157443e-01  1.05376220e+00  1.41674042e+00
  2.60157251e+00 -1.53542086e-01  2.47561321e-01  1.09041727e+00
 -1.69393408e+00 -6.34409726e-01 -1.05150127e+00  2.06168845e-01
 -1.52466357e+00  1.63197726e-01 -7.63513327e-01  5.57972908e-01
  5.64324439e-01 -3.58692884e-01 -3.48677993e-01  6.71930075e-01
  4.12009418e-01  7.73326829e-02  2.66624447e-02 -1.02004290e+00
 -3.20752650e-01  4.45710123e-01 -2.65096712e+00 -2.37223411e+00
 -2.48004466e-01 -2.73123145e-01 -1.03098142e+00 -1.72549713e+00
  7.95832753e-01  7.07187653e-01  3.96935761e-01  1.19823385e-02
 -2.25976729e+00 -7.80999303e-01 -8.69191289e-01  1.14213198e-01
  5.27875960e-01 -3.70292753e-01  5.45182884e-01  6.49271488e-01
 -3.50381851e-01 -2.36852273e-01 -1.69177830e-01  1.23561524e-01
  6.24624193e-01  1.74969167e-01 -4.40037519e-01 -4.31529075e-01
 -3.06503713e-01  1.23216115e-01  6.94262505e-01 -4.17935550e-01
 -7.20293343e-01 -2.32025400e-01  2.29092550e+00  3.67005140e-01
 -7.51763344e-01 -5.95123947e-01 -5.06807864e-01  6.16187513e-01
  3.16729546e-01 -5.97608805e-01 -1.34052205e+00 -1.46374536e+00
  1.11938488e+00  3.60789359e-01  1.47335678e-01 -1.37974635e-01
  6.84263349e-01  4.12707150e-01  5.26069522e-01 -1.46602058e+00
 -7.80203044e-01 -4.82703358e-01  1.66517019e-01  4.45498705e-01
 -3.08404654e-01  9.89559174e-01  5.55181801e-01  1.68122545e-01
 -3.16159338e-01 -1.14694916e-01 -1.38439274e+00  2.78329372e-01
 -5.28138399e-01  7.82603621e-01  1.18033206e+00 -7.10619867e-01
 -2.78710574e-01 -3.47089410e-01 -1.19492114e+00 -6.89084291e-01
  2.03760314e+00 -4.16991383e-01  7.94547677e-01 -1.13982439e+00
  2.67839026e+00  5.18130422e-01  4.22428012e-01 -2.53558576e-01
  1.41226053e-01 -8.55676472e-01 -1.31629097e+00 -1.32107043e+00
  1.57866395e+00 -4.62727621e-02  2.90884197e-01  2.99538136e-01
  7.28972197e-01  9.69064459e-02 -5.62418401e-01  7.08722994e-02
  1.80452809e-01 -1.97032735e-01  3.26906353e-01 -1.08880603e+00
  2.97087908e-01 -1.05738723e+00  1.20400953e+00 -6.36537373e-01
 -1.20219730e-01  1.27976084e+00  9.38695133e-01 -3.96482162e-02
  1.46520746e+00 -1.93890616e-01 -3.34281683e-01  4.71243143e-01
 -1.26910555e+00 -3.57511610e-01 -2.55620927e-01  6.04433715e-01
  6.84864819e-01 -1.18270969e+00  1.43353581e+00  4.69259828e-01
  2.60076857e+00 -2.74100274e-01 -3.76313061e-01 -6.30835950e-01
 -8.71501386e-01  8.74201432e-02 -1.22552180e+00 -2.92321593e-01
 -1.52150536e+00  8.50439250e-01 -4.35485125e-01 -3.00634205e-01
 -1.74749210e-01  1.53360105e+00  8.69366229e-01 -1.79597914e+00
  8.75446200e-01  3.96982878e-01 -2.26614261e+00 -2.62138510e+00
  3.21351200e-01 -3.60765666e-01  9.03872848e-01 -8.77818018e-02
 -4.92826670e-01 -2.18525901e-01 -6.91469908e-01 -6.78249419e-01
 -1.71499804e-01  5.61474323e-01  5.66669703e-01  1.75916329e-01
  1.34442627e-01  1.29166138e+00  9.56221968e-02  4.52241153e-01
 -9.56197679e-01 -1.40274322e+00  1.77438903e+00  1.05043125e+00
 -1.86108023e-01 -8.77076864e-01  3.14414382e-01 -3.03824216e-01
 -2.60414958e-01 -1.41646731e+00 -3.48021150e-01  5.29036969e-02
 -5.04539847e-01 -7.77225673e-01 -1.24032879e+00 -1.50956011e+00
  1.57882023e+00 -7.63001919e-01 -4.28063512e-01 -1.40888202e+00
  1.35759637e-01  9.32795107e-02  7.56772876e-01 -1.19924486e+00
 -6.41177177e-01  6.00938857e-01 -1.70247185e+00 -9.18094277e-01
  9.66481626e-01 -6.02224886e-01  1.60223126e-01  1.42904484e+00
  6.14804089e-01 -9.22386289e-01  1.14485836e+00 -3.21640015e-01
  9.93585944e-01  3.05643129e+00 -5.62959015e-02  1.29338250e-01
  8.54068279e-01 -4.99626219e-01  1.41414058e+00  3.37476760e-01
  7.61005104e-01  4.28430170e-01 -3.02947015e-01  6.69610560e-01
 -5.62188923e-01 -1.96137756e-01  1.45576656e-01  2.03501415e+00
  3.16404045e-01  1.41318679e-01 -2.62029648e-01  4.89468217e-01
  6.26200676e-01 -1.85715818e+00  7.75174499e-01  1.22949767e+00
 -1.04669416e+00 -5.57533920e-01  1.12695634e+00 -4.57756221e-01
  2.89916784e-01  1.22669327e+00 -6.27165258e-01 -2.03746438e+00
 -1.05331063e+00  1.09487677e+00 -9.37958837e-01 -3.30393851e-01
 -6.96229795e-03  4.95039150e-02 -3.81367624e-01 -1.74401772e+00
 -1.71270981e-01 -3.29059154e-01 -1.32213867e+00  6.69383183e-02
  7.81367660e-01  5.31171262e-01  2.98715502e-01 -2.23707166e-02
  3.49232972e-01  1.27459276e+00  1.34767902e+00  1.45247567e+00
 -1.22628307e+00  8.37643892e-02 -2.92483389e-01  8.85197222e-01
  1.82930633e-01 -3.77745569e-01  7.41087735e-01  3.91953029e-02]
	Time : 0:00:00.299902
 }
{
	Count : 3
	Injected : [[ 1.0253397e+03 -4.4910221e+00 -5.2428819e+05 ...  1.6153460e+01
  -5.1281537e+02 -4.3888646e-01]
 [ 2.6214544e+05 -2.0484126e+03 -2.6550410e+00 ...  5.2428819e+05
   5.4204911e-01  3.2542393e+01]
 [ 1.6994376e+00  2.2390345e-01  1.0252056e+03 ...  1.8495697e+00
  -1.0030823e+00  1.6384057e+04]
 ...
 [-1.2181400e+00  2.2103395e+00  2.5641818e+02 ... -2.0481497e+03
  -6.5536203e+04 -6.2894040e-01]
 [-4.0962065e+03  3.2768426e+04 -2.6214450e+05 ... -3.2769707e+04
   1.6734111e-01  3.5343623e-01]
 [ 5.0158571e-03  3.3876442e+01 -5.0726414e+00 ...  3.2480020e-02
  -9.1443032e-01 -1.0164740e+00]]
	OpName : Ops.IDENTITY
	Original : [[ 1.3397303e+00 -4.9102208e-01 -2.1671362e-01 ...  1.5345868e-01
  -8.1534451e-01 -9.3888646e-01]
 [ 1.4247490e+00 -4.1247615e-01 -2.1550410e+00 ...  1.6693373e-01
   5.1079911e-01  5.4239261e-01]
 [ 1.7150626e+00  1.9265345e-01  1.2055877e+00 ...  1.8183197e+00
  -1.0343323e+00  5.5687141e-02]
 ...
 [-1.4681400e+00  2.1033956e-01  4.1817439e-01 ... -1.4953791e-01
  -2.0140445e-01 -6.2503415e-01]
 [-2.0667920e-01  4.2684740e-01 -5.0668877e-01 ... -1.7055895e+00
   1.3609111e-01  2.9093623e-01]
 [ 1.1096069e-03  1.8764439e+00 -1.0726416e+00 ...  3.2480020e-02
  -9.1443032e-01 -1.0164740e+00]]
	Time : 0:00:42.115876
 }
{
	Count : 4
	Injected : [[ 4.2417583e+00  8.1926230e+03  2.7418179e-02 ... -6.5536688e+04
   8.7226677e+00  1.3107225e+05]
 [ 8.7394409e+00 -1.8427453e+00  3.8933191e-01 ...  9.3861113e+00
  -1.0485785e+06  1.9055655e+00]
 [-2.6214450e+05 -1.4229467e+00 -1.9873317e+00 ...  2.5698813e+02
  -1.0485762e+06  1.6848036e+01]
 ...
 [-1.9366666e+00  3.2989880e+01 -1.3107248e+05 ...  1.1173971e-01
  -5.5996412e-01  3.2703068e+01]
 [-1.6385146e+04  5.2428838e+05 -1.7945929e+01 ... -4.0965493e+03
  -2.6214488e+05 -1.8121736e+00]
 [ 4.7732934e-01  7.9494339e-01  2.8827542e-01 ... -6.7889333e-01
   4.5153087e-01  1.1080121e+00]]
	OpName : Ops.IDENTITY
	Original : [[ 0.24175833  0.62256306  0.02351193 ... -0.69110906  0.72266775
   0.25333825]
 [ 0.7394412  -1.3427453   0.38737878 ...  1.386111   -2.5063696
   1.897753  ]
 [-0.5148909  -1.2979467  -1.9853786  ...  0.98813766 -0.30724365
   0.84803647]
 ...
 [-1.4366666   0.9898795  -0.47837293 ...  0.11564596 -0.05996413
   0.7030681 ]
 [-1.1473277   0.3954006  -1.9459286  ... -0.5490982  -0.8726454
  -1.3121736 ]
 [ 0.49295434  0.5449434   0.41327542 ... -0.6788933   0.45153087
   1.1080121 ]]
	Time : 0:00:49.547207
 }
