Starting log at 2022-05-07 18:27:05.924050

{
	Count : 8
	Injected : [ 1.6297255e+01  2.5673645e+02 -9.3523574e-01  1.0248054e+03
  3.2521423e+01 -4.0963047e+03 -1.1652362e-01  1.5993943e+00
 -1.7250561e+00 -1.6533913e+01 -8.0756054e+00  2.0131917e+00
 -1.3107277e+05 -2.3309267e-01 -3.3140965e+01 -1.0485760e+06
  2.0493059e+03 -8.1938359e+03  5.4472286e-01  9.2428195e-01
 -8.1927363e+03 -4.0968071e+03 -1.2844353e+02 -8.2323980e-01
  1.7374817e-01 -1.7288029e+01  3.7962118e-01  4.0961577e+03
 -2.5700787e+02  1.4501934e+00 -4.1081351e-01 -3.2869591e+01
 -6.5536133e+04 -5.2429088e+05 -5.1323022e+02 -6.5536586e+04
 -1.3032266e+00  2.8886023e+00 -1.2169769e-01  4.7478499e+00
 -1.3107330e+05 -1.0268458e+03  1.2841864e+02 -2.7085898e+00
 -8.1920459e+03  4.2759933e-02  7.4961907e-01  4.0965269e+03
  6.8825221e-01 -3.2768016e+04  8.1928701e+03 -1.0485760e+06
  3.2219368e+01 -2.5685229e+02  1.0249382e+03  1.6385043e+04
 -3.2450787e+01 -8.6650629e+00 -1.4015721e-01  3.2768902e+04
  8.1931035e+03  9.7395256e-02 -5.2428969e+05 -1.3032658e+02
  6.1516720e-01  2.6214422e+05 -1.0485762e+06 -3.2768289e+04
  4.5097919e+00  7.9486883e-01 -1.2575984e+00 -1.3107238e+05
 -8.2818127e+00  1.1365234e+00 -1.2940062e+02  1.8825514e+00
  1.0241650e+03  3.0357752e+00  1.9250152e+00  1.0485765e+06
 -1.6384838e+04 -1.8934277e-01  3.2769102e+04  1.2861499e+00
 -1.2878522e+02 -1.3107209e+05 -1.0256454e+03 -1.2766714e+00
  4.7092378e-01  1.1189159e+00 -2.5634280e+02 -6.5536945e+04
  2.6729482e-01  1.2987762e+02  4.0964150e+03  4.0965762e+03
 -8.4270221e-01  5.1209491e+02 -2.5692233e+02  2.5856900e+02
  1.6384414e+04 -1.0246234e+03  5.1381628e+02 -3.9041597e-02
 -2.5651419e+02 -1.8392348e+00  5.7236731e-01 -4.7835886e-01
 -9.9316585e-01 -1.2863715e+02 -2.5744882e+02  3.2768066e+04
 -1.8812815e+00 -1.0241389e+03  1.6386111e+04  1.2362545e+00
 -1.2821384e+02  1.2021886e+00 -1.6384260e+04  1.3107236e+05
  1.2873380e+02 -1.3107241e+05  1.7295633e+01 -4.0886748e-01
 -1.4585500e+00  1.6771433e+01 -6.2311882e-01 -8.1921348e+03
  1.3107284e+05 -5.2428831e+05  1.0485776e+06  1.2917404e+02
 -8.1935400e+03 -9.4035835e+00 -1.2809344e+02  8.1008828e-01
 -3.9431855e-01 -5.1237805e+02  8.0178171e-01 -5.2428831e+05
 -3.2725501e-01  1.2296427e+00  2.5671326e+02  3.2769961e+04
 -4.5724547e-01 -7.4860281e-01 -2.0491592e+03  6.5537312e+04
  1.3107212e+05 -1.2864073e+02 -1.3107273e+05 -4.0974536e+03
  2.0485654e+03  3.2911465e+01 -1.6335638e+01  3.2768398e+04
 -6.6455940e+01  3.7628120e-01  7.8600949e-01  6.5536820e+04
 -1.3107312e+05  4.1639784e-01  3.2642258e+01 -3.2768258e+04
  6.4474915e+01 -8.0420074e+00 -1.0243159e+03  1.0485764e+06
  1.2925262e+02  3.5676605e-01  3.4030218e+00  9.7342247e-01
 -1.1488873e+00  2.0483711e+03 -3.3409939e+01 -6.4621765e+01
 -2.5725092e+02 -1.7059862e+01 -1.3769698e+00  7.7858049e-01
 -4.4460464e+00 -3.2768391e+04  3.2768387e+04  5.1261859e+02
 -2.6214409e+05 -1.0432724e+00  1.3107205e+05 -5.2428812e+05
  2.0488325e+03 -2.0485215e+03 -5.2428812e+05 -1.9174961e+00
  4.2353644e+00 -2.0481431e+03 -3.2769852e+04  1.3107264e+05
  8.7078943e+00 -1.2836270e+02 -6.4577225e+01  4.0978838e+03
  6.4305695e+01  1.3107333e+05 -1.2606627e+00  1.3107225e+05
  1.0485776e+06 -5.1276758e+02 -2.0485139e+03 -5.7349223e-01
  1.0485776e+06  8.1920488e+03  5.2428856e+05 -2.5636765e+02
  2.5728708e+02  4.4969735e-01  5.2428831e+05 -1.6484921e+00
 -5.2428900e+05 -5.5720097e-01  9.2614281e-01 -8.1945459e+03
 -2.6214425e+05  4.0978164e+03  1.5445304e+00 -2.5676426e-01
 -1.1695724e+00  1.6387252e+04 -1.2903424e+02  6.5197479e+01
 -8.4282672e-01 -1.7057292e+00 -1.9390013e+00 -1.9259868e+00
 -8.1921230e+03  1.4746357e+00 -9.1135353e-02 -1.5282944e+00
  5.1306287e+02  1.0485760e+06  8.3989420e+00  3.2777836e+01
  2.0487920e+03 -4.0970815e+03 -2.5676123e+02 -4.0971157e+03
 -4.6250907e-01 -1.0240110e+03 -4.1989061e-01 -5.5451059e-01
  3.4292230e-01  1.0361966e+00 -1.5107314e-01 -1.4593180e+00
 -1.5549521e+00 -1.8569107e+00 -1.7519454e+00 -4.2555836e-01]
	OpName : Ops.IDENTITY
	Original : [ 2.97255129e-01  7.36450970e-01 -9.31329489e-01  8.05361748e-01
  5.21421611e-01 -3.04673582e-01 -8.52736235e-02  1.09939432e+00
 -1.22505605e+00 -5.33912301e-01 -7.56052658e-02  2.13819170e+00
 -7.62669802e-01 -7.33092666e-01 -1.14096355e+00 -1.51280116e-03
  1.30581176e+00 -1.83546352e+00  5.13472855e-01  9.25258517e-01
 -7.36446381e-01 -8.07231009e-01 -4.43523169e-01 -3.23239774e-01
  2.36248165e-01 -1.28802800e+00  2.54621178e-01  1.57568723e-01
 -1.00788701e+00  1.20019341e+00 -4.26438510e-01 -8.69589567e-01
 -1.34918004e-01 -2.89288545e+00 -1.23021638e+00 -5.85220873e-01
 -1.31103909e+00  2.91985226e+00 -1.22674249e-01  7.47850001e-01
 -1.29441011e+00 -2.84586430e+00  4.18646276e-01 -7.08589852e-01
 -4.59517203e-02  4.66661826e-02  6.87119067e-01  5.26818752e-01
  1.68825221e+00 -1.67141929e-02  8.69737685e-01 -5.30138537e-02
  2.19369829e-01 -8.52297485e-01  9.38194871e-01  1.04217327e+00
 -4.50787514e-01 -6.65062606e-01 -1.51572088e-02  9.02667165e-01
  1.10330570e+00  6.61452562e-02 -1.71366489e+00 -2.32658601e+00
  1.15167186e-01  2.22651139e-01 -2.03068390e-01 -2.87901133e-01
  5.09791791e-01  5.44868827e-01 -2.57598370e-01 -3.73440266e-01
 -2.81812638e-01  1.36523336e-01 -1.40062594e+00  1.75755143e+00
  1.65021673e-01  1.03577507e+00  1.93282771e+00  4.59314734e-01
 -8.38512897e-01 -2.20592767e-01  1.10295475e+00  1.41114986e+00
 -7.85218000e-01 -9.38026235e-02 -1.64535892e+00 -1.27471828e+00
  4.08423781e-01  1.05641592e+00 -3.42804044e-01 -9.48111653e-01
  2.66318262e-01  1.87762320e+00  4.15002048e-01  5.76156259e-01
 -9.67702210e-01  9.49186161e-02 -9.22331214e-01  2.56898999e+00
  4.14419413e-01 -6.23358607e-01  1.81630599e+00 -3.70884724e-02
 -5.14185786e-01 -1.58923483e+00  6.97367311e-01 -3.53358865e-01
 -1.99316585e+00 -6.37142599e-01 -1.44882667e+00  6.51092827e-02
 -1.63128150e+00 -1.38922825e-01  2.11134982e+00  2.36254469e-01
 -2.13830709e-01  1.19828236e+00 -2.59924382e-01  3.66482645e-01
  7.33790159e-01 -4.07840431e-01  1.29563332e+00 -4.24492478e-01
 -1.39604998e+00  7.71432757e-01 -5.91868818e-01 -1.35053009e-01
  8.48086953e-01 -3.08870435e-01  1.62056363e+00  1.17403412e+00
 -1.53973365e+00 -1.40358341e+00 -9.34483632e-02  3.10088277e-01
 -4.25568551e-01 -3.78066033e-01  3.01781714e-01 -3.10338050e-01
 -3.26278448e-01  1.16714275e+00  7.13243783e-01  1.95941913e+00
 -1.45724547e+00 -7.32977808e-01 -1.15926993e+00  1.31557786e+00
  1.23450629e-01 -6.40735269e-01 -7.39990115e-01 -1.45363438e+00
  5.65477848e-01  9.11465287e-01 -3.35637540e-01  3.99558783e-01
 -2.45593953e+00  3.84093702e-01  5.36009490e-01  8.18081498e-01
 -1.13038003e+00  4.78897840e-01  6.42257929e-01 -2.58372635e-01
  4.74913210e-01 -4.20071259e-02 -3.15919459e-01  3.75565439e-01
  1.25261855e+00  2.94266045e-01  1.40302169e+00  9.10922468e-01
 -1.15279353e+00  3.71110469e-01 -1.40993977e+00 -6.21762335e-01
 -1.25092244e+00 -1.05986226e+00 -1.38087606e+00  7.74674237e-01
 -4.46046203e-01 -3.88808429e-01  3.88166547e-01  6.18601084e-01
 -9.53361616e-02 -1.04522550e+00  4.72921394e-02 -1.03650965e-01
  8.32494676e-01 -5.21562040e-01 -1.27899840e-01 -1.93312109e+00
  2.35364601e-01 -1.43133268e-01 -1.85174549e+00  6.35254860e-01
  7.07894325e-01 -3.62699121e-01 -5.77221394e-01  1.88381088e+00
  3.05697024e-01  1.32212222e+00 -1.76066267e+00  2.50595182e-01
  1.62760985e+00 -7.67577469e-01 -5.13837039e-01 -7.34922364e-02
  1.67124331e+00  4.88422550e-02  5.86437583e-01 -3.67634147e-01
  1.28707337e+00  4.41884845e-01  2.91695446e-01 -1.67974210e+00
 -9.74345088e-01 -5.41575968e-01  8.94892812e-01 -2.54542255e+00
 -2.38682136e-01  1.81644678e+00  1.54062414e+00 -3.81764263e-01
 -1.13832235e+00  3.25285912e+00 -1.03424466e+00  1.19748235e+00
 -3.42826754e-01 -1.71354175e+00 -9.39001322e-01 -1.89473677e+00
 -1.23165824e-01  4.74635750e-01 -7.55103528e-02 -5.28294444e-01
  1.06287169e+00  3.68943587e-02  3.98941606e-01  7.77837455e-01
  7.92062998e-01 -1.08138025e+00 -7.61224806e-01 -1.11587846e+00
 -4.54696566e-01 -1.09582134e-02 -4.19890612e-01 -5.54510593e-01
  3.42922300e-01  1.03619659e+00 -1.51073143e-01 -1.45931804e+00
 -1.55495214e+00 -1.85691071e+00 -1.75194538e+00 -4.25558358e-01]
	Time : 0:00:00.123086
 }
{
	Count : 7
	Injected : [ 5.2428831e+05  6.5536734e+04 -2.9313295e+00  2.5680536e+02
  2.0485215e+03 -8.3046732e+00 -4.0960854e+03  2.0490994e+03
 -1.0252251e+03 -1.0245339e+03 -5.2428806e+05  2.3881917e+00
 -7.6462293e-01 -4.0967329e+03 -1.4096355e-01 -1.7137801e-02
  2.5730582e+02 -1.6385836e+04  7.6347286e-01  5.2428894e+05
 -7.4425888e-01 -2.5680722e+02 -1.9352317e-01 -4.4823977e-01
  2.2062317e-01 -3.2880280e+00  6.5536258e+04  2.1575687e+00
 -7.8870058e-03  1.7001934e+00 -4.2741507e-01 -4.8695898e+00
 -1.9741800e-01 -1.3089288e+02 -1.2224039e+00 -5.8424431e-01
 -1.0610391e+00  8.1949199e+03 -1.0241227e+03  6.8535000e-01
 -1.3100351e+00 -8.4586430e-01  6.5536422e+04 -2.7085898e+00
 -1.7095172e-01  8.1920469e+03  4.0966870e+03  6.4526817e+01
  3.6882522e+00 -1.4171419e-01  1.0248698e+03 -4.0960532e+03
  2.2193699e+00 -7.8979748e-01  9.6944487e-01  1.0109233e+00
 -2.5645078e+02 -9.1506261e-01 -1.3107202e+05  8.8704216e-01
  5.1033058e+00  1.2806615e+02 -2.5771365e+02 -2.5832660e+02
  1.2811517e+02  3.2768223e+04 -2.1869339e-01 -4.1290113e-01
  1.5097919e+00  5.6049383e-01 -2.8884837e-01 -2.0483735e+03
 -2.6214428e+05  2.0481365e+03 -1.4318759e+00  1.7565749e+00
  5.1216504e+02  1.0435876e+00  1.9250152e+00  1.6384459e+04
 -8.6976290e-01 -2.6214422e+05  1.0485771e+06  4.0974111e+03
 -8.1927852e+03 -6.5536094e+04 -5.1364539e+02 -1.2590933e+00
  6.5536406e+04  3.3056416e+01 -8.3428040e+00 -9.7936165e-01
  3.9131826e-01  8.7762320e-01  3.8375205e-01  7.6156259e-02
 -1.6967703e+01  6.4094917e+01 -9.2623746e-01  2.5699666e+00
  2.5641443e+02 -5.2428862e+05  6.5816307e+01 -3.3182222e-02
 -2.5651419e+02 -1.0485776e+06  6.3486731e-01 -2.0483533e+03
 -4.0979932e+03 -1.0485766e+06 -6.5448830e+01  6.4065109e+01
 -1.6469065e+00 -1.1389228e+00  2.1093967e+00  1.3107223e+05
 -6.4213829e+01  2.0491982e+03 -2.9117438e-01  8.1923662e+03
  5.1273376e+02 -4.1174668e-01  1.2936802e+00 -4.2546904e-01
 -2.6214541e+05  2.5677142e+02 -4.0965918e+03 -1.6384135e+04
  2.8480868e+00 -1.0243088e+03  5.1362054e+02  6.5537172e+04
 -5.5397339e+00 -1.0254036e+03 -8.0934486e+00  3.0618203e-01
 -6.5536422e+04 -1.3107238e+05  3.6428171e-01 -2.9471305e-01
 -6.4326279e+01  2.6214516e+05  2.0487131e+03  8.1939590e+03
 -1.4884955e+00 -6.4732979e+01 -1.0342699e+00  4.0973154e+03
  1.1954438e-01 -6.4171183e-01 -4.7399902e+00 -4.0974536e+03
  4.5654778e+00  7.8646529e-01 -3.3173129e-01  8.9955878e-01
 -1.3045593e+02  3.2768383e+04  1.5360096e+00  7.5558150e-01
 -9.1303797e+00  1.4788978e+00  2.0486423e+03 -1.3107227e+05
  5.1247491e+02 -2.6214403e+05 -4.3159194e+00  3.2768375e+04
  1.2838686e+00  2.9621917e-01  3.4030218e+00  1.3107291e+05
 -2.6214516e+05  5.1237109e+02 -1.6385410e+04 -3.2621761e+01
 -1.0252510e+03 -5.0598621e+00 -2.0493809e+03  5.2467424e-01
 -4.6167120e-01 -4.2005843e-01  2.0483882e+03  2.6186011e+00
 -9.7289287e-02 -3.0452256e+00  5.1198389e-02 -4.1150965e-02
  8.1928320e+03 -8.1925215e+03 -1.3180609e-01 -4.0979331e+03
  6.4235367e+01 -1.4118014e-01 -1.8556517e+00  5.2428862e+05
  7.1570683e-01 -1.6384363e+04 -5.7624483e-01  3.2769883e+04
  5.2428831e+05  1.0721222e+00 -3.2769762e+04  5.1225061e+02
  1.1276098e+00 -2.6757747e-01 -1.0485765e+06 -5.1207349e+02
  6.7124331e-01  5.4884225e-01  1.3107259e+05 -1.0485764e+06
  1.2928708e+02  2.5644189e+02  5.2428831e+05 -6.5537680e+04
 -8.1929746e+03 -2.6214453e+05  4.0968950e+03 -2.0505454e+03
 -2.3477589e-01  3.2769816e+04  1.6385541e+04 -1.0243817e+03
 -1.1373458e+00  3.5252861e+01 -5.2428906e+05  9.1974821e+00
 -1.2834282e+02 -1.5885417e+00 -9.4095445e-01 -3.8947368e+00
 -1.1231658e+00  9.7463572e-01 -4.0960757e+03 -1.0245283e+03
  1.0941217e+00  2.0480369e+03  1.4894161e-01  2.6214478e+05
  2.6214478e+05 -1.3107308e+05 -7.6513106e-01 -1.0485771e+06
 -3.2969657e-01 -5.1095819e-01 -4.1989061e-01 -5.5451059e-01
  3.4292230e-01  1.0361966e+00 -1.5107314e-01 -1.4593180e+00
 -1.5549521e+00 -1.8569107e+00 -1.7519454e+00 -4.2555836e-01]
	OpName : Ops.IDENTITY
	Original : [ 2.97255129e-01  7.36450970e-01 -9.31329489e-01  8.05361748e-01
  5.21421611e-01 -3.04673582e-01 -8.52736235e-02  1.09939432e+00
 -1.22505605e+00 -5.33912301e-01 -7.56052658e-02  2.13819170e+00
 -7.62669802e-01 -7.33092666e-01 -1.14096355e+00 -1.51280116e-03
  1.30581176e+00 -1.83546352e+00  5.13472855e-01  9.25258517e-01
 -7.36446381e-01 -8.07231009e-01 -4.43523169e-01 -3.23239774e-01
  2.36248165e-01 -1.28802800e+00  2.54621178e-01  1.57568723e-01
 -1.00788701e+00  1.20019341e+00 -4.26438510e-01 -8.69589567e-01
 -1.34918004e-01 -2.89288545e+00 -1.23021638e+00 -5.85220873e-01
 -1.31103909e+00  2.91985226e+00 -1.22674249e-01  7.47850001e-01
 -1.29441011e+00 -2.84586430e+00  4.18646276e-01 -7.08589852e-01
 -4.59517203e-02  4.66661826e-02  6.87119067e-01  5.26818752e-01
  1.68825221e+00 -1.67141929e-02  8.69737685e-01 -5.30138537e-02
  2.19369829e-01 -8.52297485e-01  9.38194871e-01  1.04217327e+00
 -4.50787514e-01 -6.65062606e-01 -1.51572088e-02  9.02667165e-01
  1.10330570e+00  6.61452562e-02 -1.71366489e+00 -2.32658601e+00
  1.15167186e-01  2.22651139e-01 -2.03068390e-01 -2.87901133e-01
  5.09791791e-01  5.44868827e-01 -2.57598370e-01 -3.73440266e-01
 -2.81812638e-01  1.36523336e-01 -1.40062594e+00  1.75755143e+00
  1.65021673e-01  1.03577507e+00  1.93282771e+00  4.59314734e-01
 -8.38512897e-01 -2.20592767e-01  1.10295475e+00  1.41114986e+00
 -7.85218000e-01 -9.38026235e-02 -1.64535892e+00 -1.27471828e+00
  4.08423781e-01  1.05641592e+00 -3.42804044e-01 -9.48111653e-01
  2.66318262e-01  1.87762320e+00  4.15002048e-01  5.76156259e-01
 -9.67702210e-01  9.49186161e-02 -9.22331214e-01  2.56898999e+00
  4.14419413e-01 -6.23358607e-01  1.81630599e+00 -3.70884724e-02
 -5.14185786e-01 -1.58923483e+00  6.97367311e-01 -3.53358865e-01
 -1.99316585e+00 -6.37142599e-01 -1.44882667e+00  6.51092827e-02
 -1.63128150e+00 -1.38922825e-01  2.11134982e+00  2.36254469e-01
 -2.13830709e-01  1.19828236e+00 -2.59924382e-01  3.66482645e-01
  7.33790159e-01 -4.07840431e-01  1.29563332e+00 -4.24492478e-01
 -1.39604998e+00  7.71432757e-01 -5.91868818e-01 -1.35053009e-01
  8.48086953e-01 -3.08870435e-01  1.62056363e+00  1.17403412e+00
 -1.53973365e+00 -1.40358341e+00 -9.34483632e-02  3.10088277e-01
 -4.25568551e-01 -3.78066033e-01  3.01781714e-01 -3.10338050e-01
 -3.26278448e-01  1.16714275e+00  7.13243783e-01  1.95941913e+00
 -1.45724547e+00 -7.32977808e-01 -1.15926993e+00  1.31557786e+00
  1.23450629e-01 -6.40735269e-01 -7.39990115e-01 -1.45363438e+00
  5.65477848e-01  9.11465287e-01 -3.35637540e-01  3.99558783e-01
 -2.45593953e+00  3.84093702e-01  5.36009490e-01  8.18081498e-01
 -1.13038003e+00  4.78897840e-01  6.42257929e-01 -2.58372635e-01
  4.74913210e-01 -4.20071259e-02 -3.15919459e-01  3.75565439e-01
  1.25261855e+00  2.94266045e-01  1.40302169e+00  9.10922468e-01
 -1.15279353e+00  3.71110469e-01 -1.40993977e+00 -6.21762335e-01
 -1.25092244e+00 -1.05986226e+00 -1.38087606e+00  7.74674237e-01
 -4.46046203e-01 -3.88808429e-01  3.88166547e-01  6.18601084e-01
 -9.53361616e-02 -1.04522550e+00  4.72921394e-02 -1.03650965e-01
  8.32494676e-01 -5.21562040e-01 -1.27899840e-01 -1.93312109e+00
  2.35364601e-01 -1.43133268e-01 -1.85174549e+00  6.35254860e-01
  7.07894325e-01 -3.62699121e-01 -5.77221394e-01  1.88381088e+00
  3.05697024e-01  1.32212222e+00 -1.76066267e+00  2.50595182e-01
  1.62760985e+00 -7.67577469e-01 -5.13837039e-01 -7.34922364e-02
  1.67124331e+00  4.88422550e-02  5.86437583e-01 -3.67634147e-01
  1.28707337e+00  4.41884845e-01  2.91695446e-01 -1.67974210e+00
 -9.74345088e-01 -5.41575968e-01  8.94892812e-01 -2.54542255e+00
 -2.38682136e-01  1.81644678e+00  1.54062414e+00 -3.81764263e-01
 -1.13832235e+00  3.25285912e+00 -1.03424466e+00  1.19748235e+00
 -3.42826754e-01 -1.71354175e+00 -9.39001322e-01 -1.89473677e+00
 -1.23165824e-01  4.74635750e-01 -7.55103528e-02 -5.28294444e-01
  1.06287169e+00  3.68943587e-02  3.98941606e-01  7.77837455e-01
  7.92062998e-01 -1.08138025e+00 -7.61224806e-01 -1.11587846e+00
 -4.54696566e-01 -1.09582134e-02 -4.19890612e-01 -5.54510593e-01
  3.42922300e-01  1.03619659e+00 -1.51073143e-01 -1.45931804e+00
 -1.55495214e+00 -1.85691071e+00 -1.75194538e+00 -4.25558358e-01]
	Time : 0:00:21.301070
 }
