Starting log at 2022-05-07 18:24:14.109515

{
	Count : 1
	Injected : [-2.014383    0.56265545 -1.9059618   0.87936854 -0.06769616 -1.7503546
  0.13657005 -0.44184515  1.0730743  -2.5560818 ]
	OpName : Ops.IDENTITY
	Original : [-2.014383    0.56265545 -1.9059618   0.87936854 -0.06769616 -1.7503546
  0.13657005 -0.44184515  1.0730743  -2.5560818 ]
	Time : 0:00:00.000852
 }
{
	Count : 11
	Injected : [[[[-2.77804345e-01 -6.55363906e+04 -1.31072812e+05  4.55591011e+00
     7.60395452e-02 -4.82416153e+00 -1.04857638e+06 -1.36670947e+00
     1.00156937e+01 -4.09656982e+03 -3.84028330e-02  1.02445496e+03
    -3.02068368e-02 -9.69515741e-01 -1.79426205e+00 -8.97585079e-02
     1.63688338e+00  1.93974876e+00  8.12809849e+00  1.56992602e+00
     2.56038269e+02 -3.32102509e+01  2.14144111e-01  3.98695022e-01
     1.31072094e+05 -5.13057068e+02  1.31072203e+05 -1.39059508e+00
    -6.48370972e+01 -1.11686611e+00  5.59605181e-01 -1.29197388e+02]]

  [[ 5.12245178e+02 -4.09663721e+03  4.09751025e+03 -4.76621687e-01
     5.24288562e+05  5.24288750e+05 -8.34699345e+00 -3.21929157e-01
     1.06313896e+00 -1.02564197e+03  1.29951141e+02  5.24288375e+05
    -8.04835081e-01 -2.64194679e+00 -8.19292480e+03  1.72915478e+01
    -1.63858398e+04 -1.91119581e-01 -2.62144531e+05 -1.99956596e-02
    -4.09681885e+03 -2.02435076e-01 -4.13799673e-01  1.63853490e+00
     2.04893237e+03  1.31073172e+05  1.96541238e+00 -3.46077949e-01
     1.69171085e+01  3.27682969e+04 -1.09640801e+00 -2.05017773e+03]]

  [[-8.31255257e-01 -4.09654688e+03 -3.20326614e+01  6.55365156e+04
    -5.12449097e+02  2.28588115e-02  5.13660828e+02  8.21140409e-01
    -2.56168701e+02 -5.24288188e+05 -5.13487671e+02 -2.56521301e+02
     4.09688770e+03  5.24290312e+05 -7.26169467e-01  1.02431311e+03
    -6.41415710e+01 -1.61103630e+01 -1.01597130e+00 -2.69610548e+00
     1.02437842e+03 -5.24289750e+05 -2.27691102e+00 -1.26346982e+00
     5.29889047e-01  5.22071314e+00 -3.27686328e+04  8.19080925e+00
     2.62144750e+05  2.57449463e+02  4.62960434e+00 -2.04836401e+03]]

  [[-4.09606738e+03 -9.67704713e-01 -2.20447659e+00 -2.04860083e+03
    -2.04879004e+03 -2.04924438e+03  1.63848574e+04  8.19305859e+03
     1.15552381e-01 -3.27693281e+04 -2.56105225e+02 -2.56250305e+02
     4.03758377e-01  2.46874595e+00  2.96677202e-02 -2.79400736e-01
     5.12829346e+02  2.35212207e-01  4.39916879e-01 -2.62145750e+05
    -7.03216732e-01  1.02667651e+03 -1.62867355e+01 -1.04857625e+06
     4.18322754e+00  1.29083862e+02  1.28880722e+02 -1.17767119e+00
     1.43507004e+00 -6.67691767e-01 -1.04857638e+06 -3.12298012e+00]]

  [[ 2.78636289e+00 -1.31072656e+05 -5.70778728e-01 -3.27991337e-01
    -3.04730814e-02  1.95367908e+00 -1.02416663e+03 -1.04857638e+06
    -3.11382532e-01 -3.91014904e-01 -1.45686853e+00  1.31073984e+05
    -8.84685040e+00  1.04857612e+06 -3.97737771e-01 -5.12157532e+02
     5.24288438e+05  1.28609482e+02 -1.30561388e+00  2.97046661e+00
    -4.85802937e+00  2.56570526e+02 -3.23887444e+01 -8.41878605e+00
    -1.04857850e+06  2.58128235e+02  2.06312507e-01 -8.19011629e-01
     6.50370196e-02 -2.89427829e+00 -4.39964581e+00 -1.04857788e+06]]]


 [[[-2.39410445e-01  9.24032974e+00  8.10385799e+00 -2.43531799e+00
     1.29704102e+02  4.49755527e-02  1.31072016e+05 -2.62144500e+05
     2.26743722e+00  1.02709007e+01 -8.27484608e-01  1.23456694e-01
     5.31659007e-01 -3.32359028e+00  1.50501609e+00  5.53729348e-02
     5.12353271e+02 -5.71227014e-01  4.39910293e-01 -1.63842227e+04
    -6.77576542e-01 -3.32208276e+00  2.58161469e+02 -1.04779708e+00
     5.69197476e-01 -1.29941025e+02  1.62122383e+01 -1.04857675e+06
     5.24288312e+05 -3.19511294e-01 -3.54633749e-01  1.51590753e+00]]

  [[ 6.55368516e+04 -3.27684844e+04 -8.19476223e+00  1.81555378e+00
     2.95622325e+00  2.04831323e+03 -2.05979395e+00  4.35918570e-01
    -2.04866382e+03 -5.58172178e+00 -1.61271801e+01 -6.55361094e+04
     5.12351624e+02 -8.19459180e+03 -5.13008362e+02  1.63844844e+04
    -2.04821216e+03  2.05898404e-01  6.41580200e+01 -2.62144094e+05
    -4.09676221e+03  6.44103165e+01 -1.85179825e+01 -4.09646143e+03
     1.03996448e-01 -1.63519421e+01  5.64886592e-02  8.19295801e+03
     8.93038094e-01 -6.42012253e+01 -4.78544235e+00  2.62144031e+05]]

  [[ 4.09720459e+03  1.02545593e+03  3.64624166e+00  1.77860355e+00
     1.94472742e+00 -1.31072812e+05  5.12464539e+02 -8.41911602e+00
    -1.28241730e+02  1.14289157e-01  6.40465851e+01 -3.27684609e+04
    -2.52109498e-01 -8.19353418e+03 -3.23600655e+01  1.31072500e+05
     1.64460373e+01  1.28833374e+02 -1.81135163e-01 -1.56787896e+00
    -6.55360469e+04 -1.55476296e+00  1.04857712e+06 -6.05061173e-01
     2.62144688e+05  8.19334473e+03 -1.38402498e+00  8.90402973e-01
    -1.31072375e+05  1.02512915e+03  2.57420990e+02  2.04856689e+03]]

  [[-4.45816249e-01 -5.13140503e+02 -5.73987067e-01  1.68441696e+01
     3.20679703e+01 -4.12464678e-01 -3.65108609e+00  6.49038849e+01
    -2.04813916e+03 -1.31073359e+05 -3.22403222e-01 -1.28646896e+02
     3.24317436e+01 -2.58516022e+02 -4.09709082e+03  2.67811441e+00
     2.62144312e+05  2.21324086e-01  1.26384318e+00 -2.09757566e+00
    -5.14593750e+02  1.28636948e+02 -5.12478027e+02 -4.09816162e+03
     5.13501221e+02  1.52769983e-01  1.31893420e+00  1.50036022e-01
     1.02483411e+03  2.48922157e+00 -4.29235622e-02 -3.71989548e-01]]

  [[ 1.31072547e+05 -1.04857638e+06  1.25593758e+00 -1.66571569e+00
     6.33927405e-01 -1.28436142e+02  2.19881248e+00  1.06078422e+00
     6.55367266e+04 -1.56381989e+00 -2.96133369e-01 -1.51680112e-01
    -1.76033878e+01 -9.39274371e-01 -2.66052485e-01 -2.62145344e+05
     1.04857600e+06 -7.58654296e-01 -1.31072500e+05  8.41375351e+00
    -5.12214050e+02  4.73381698e-01 -5.24288062e+05  7.23408461e-01
    -9.77975905e-01  6.82553500e-02 -1.63230121e+00  7.09181023e+00
     8.55520535e+00  7.62423098e-01 -1.74787962e+00 -1.02605664e+03]]]


 [[[ 6.85271978e-01 -5.77794790e-01  1.45341575e-01  3.27683594e+04
    -1.02470471e+03  7.45624661e-01  1.07790244e+00  8.80008996e-01
    -1.14282441e+00 -3.27692734e+04  8.19235254e+03 -3.36386757e+01
     1.27590430e+00 -2.56256805e+02 -1.02477515e+03  1.31072266e+05
     4.09618750e+03  1.04857650e+06 -1.80194588e+01  4.23357636e-01
    -2.62144219e+05  3.28205833e+01  3.27683789e+04  1.04857625e+06
     1.14550814e-03 -5.24289375e+05 -6.26481831e-01  6.31408632e-01
    -3.02414238e-01 -1.09389710e+00 -1.76909504e+01 -3.31009293e+01]]

  [[ 1.63408031e+01 -2.43858937e-02  1.02593555e+03 -2.62146156e+05
     1.02413245e+03  6.31020069e+00  1.04857638e+06  8.19306250e+03
     1.76411736e+00 -1.30440223e+00  3.80496919e-01 -2.04878223e+03
    -2.04866992e+03 -3.27692656e+04  2.56514191e+02 -1.02508740e+03
     8.19259668e+03 -4.09879932e+03  8.19315332e+03 -2.10890174e-02
    -1.58569604e-01  4.09832129e+03  1.05106640e+00 -1.31073250e+05
     3.12451720e-02 -1.75486565e+01  2.56422699e+02  8.01332760e+00
     1.60739517e+01 -3.27785492e+01  3.27683164e+04  1.89737082e+00]]

  [[ 1.02504895e+03 -1.29001465e+02 -1.02831876e+00  1.15027368e+00
     5.12624084e+02  5.13012695e+02  8.19228613e+03 -8.19312500e+03
     5.24288938e+05  1.22349787e+00 -4.09626270e+03  1.31072609e+05
     6.30104184e-01 -8.19237891e+03 -1.02764139e+01  1.75837784e+01
     1.31074156e+05 -5.12194946e+02  1.28489014e+02  1.29150940e+02
    -1.50201309e+00 -9.47296619e-02 -1.31072219e+05 -1.63238990e+00
     1.46622431e+00 -1.02475208e+03 -3.24995346e+01  1.31072406e+05
     8.19221387e+03  4.09659912e+03 -5.13004112e+00  6.55022049e+01]]

  [[ 5.24289250e+05 -1.04857712e+06 -1.28440598e+02 -3.53545785e-01
    -8.15902650e-01 -5.13091858e+02  1.63840625e+04 -1.31072766e+05
    -1.69130230e+01  6.50039825e+01  6.94206834e-01  5.12429565e+02
    -3.27680703e+04  4.66199577e-01 -1.63843359e+04 -1.04857688e+06
    -5.24289250e+05  2.62144625e+05  5.24288438e+05 -5.24288625e+05
    -5.13366272e+02 -6.55362812e+04 -3.27681719e+04  3.33254755e-01
    -3.68466467e-01  8.83889198e+00  1.60327315e-01  3.23647614e+01
     1.02444177e+03  2.15611482e+00  2.93912506e+00 -3.27699102e+04]]

  [[ 3.26126442e+01  7.05113232e-01  2.04862061e+03  2.03696132e-01
     1.65276587e+00  1.63844082e+04  1.74825344e+01  3.21029778e+01
    -8.19241016e+03 -2.04980029e+03 -5.12776123e+02 -2.11891317e+00
     1.04857600e+06  6.55371328e+04  5.12458191e+02  4.35446453e+00
    -2.62144375e+05  4.09640625e+03 -1.22260503e-01 -1.98070657e+00
     2.67002195e-01  1.04857662e+06 -6.43399887e+01 -6.78485990e-01
    -9.77990437e+00  2.67004013e-01 -5.24288438e+05  1.61831703e+01
    -5.24288625e+05 -3.27700977e+04  3.32297554e+01 -2.62145688e+05]]]


 [[[ 1.03311813e+00  4.09709912e+03 -1.11596215e+00 -1.00137424e+00
     1.31073375e+05  4.45428669e-01  6.41615450e-01  1.40892029e+00
    -4.09754102e+03 -7.82776713e-01  6.44188690e+01  2.62145219e+05
     6.34753704e-01 -5.24288812e+05 -1.04857625e+06  5.12211975e+02
     1.09444678e+00  4.09647949e+03  5.71727705e+00  4.09705762e+03
    -5.24288250e+05  4.09742236e+03  2.60629201e+00 -8.18306923e+00
    -1.31712079e-01  3.23145638e+01  3.12048316e+00  1.29385040e+02
     2.56283600e+02 -3.83188069e-01  1.31072672e+05  2.62144781e+05]]

  [[-1.68437366e+01 -5.24288312e+05  1.15037322e+00  1.28595978e+02
     1.30497348e+00  1.20051527e+00 -1.25710726e+00  1.02489453e+03
     1.04857700e+06  1.31072578e+05  1.71417820e+00  2.02078962e+00
     5.13676636e+02 -1.29700851e+02 -1.31072266e+05 -4.23672289e-01
     2.62144562e+05  1.31072094e+05  2.56389557e+02 -2.62144406e+05
    -2.75575407e-02 -1.34446859e+00  3.69492918e-01  1.04857638e+06
     1.04857700e+06 -3.27686406e+04 -5.24288125e+05 -2.91092801e+00
     1.28330856e+02 -5.24288000e+05 -2.18790501e-01  5.24289000e+05]]

  [[-2.86479044e+00  4.09717969e+03 -8.19249316e+03  1.77010477e-01
    -4.93901134e-01 -1.02448230e+03  1.04857712e+06  2.54403043e+00
    -1.28695214e+00 -1.08187652e+00 -6.55368125e+04  5.24290250e+05
     1.76078081e-02 -9.06856775e-01  2.04847827e+03  1.39932716e+00
    -1.04857662e+06 -1.73396416e+01 -3.44994774e+01 -1.63852031e+04
     7.80955374e-01  2.87421179e+00  5.13583862e+02 -4.54427481e-01
     1.02478418e+03  1.31072391e+05  1.67252794e-02 -5.13140076e+02
    -1.70002508e+00  9.22218382e-01  1.16179395e+00 -2.04823560e+03]]

  [[-4.40937012e-01 -5.12900208e+02  3.60151380e-01  1.04857650e+06
    -1.74868035e+00  9.53500843e+00 -2.62145594e+05  1.76723552e+00
    -1.97872472e+00 -1.16236079e+00  2.52514035e-01  1.62422562e+01
    -2.04825342e+03 -1.02474878e+03 -4.02144670e+00 -6.42927094e+01
     3.02281260e-01 -9.69560051e+00  6.55365703e+04 -1.64187355e+01
     8.46172452e-01 -2.62144906e+05  1.63853594e+04  6.55361953e+04
    -1.62154751e+01  1.63845312e+04  1.31073047e+05 -8.19253809e+03
    -8.37954104e-01 -6.55366094e+04 -1.31073141e+05  3.40427818e+01]]

  [[-2.16366783e-01 -1.59720033e-01  1.04857688e+06 -1.62183952e+01
    -2.04933228e+03  8.93616915e-01 -1.47655219e-01  7.18200982e-01
    -4.85095263e-01  4.09639990e+03  4.28280067e+00 -4.09676758e+03
     6.55361250e+04 -4.37715197e+00  4.09641943e+03  2.62145812e+05
     2.56919128e+02  6.55369688e+04 -3.31260502e-01  4.61560106e+00
    -8.84273708e-01 -1.02488770e+03  1.31073719e+05  6.41322250e+01
    -8.82835686e-01 -3.34079933e+01  5.12419678e+02  8.19214453e+03
    -2.47128916e+00  1.31072672e+05  3.29543114e+01  8.96104527e+00]]]


 [[[-6.51269455e+01  1.02488843e+03 -4.97628719e-01 -1.11673307e+00
     8.19284570e+03  4.09614600e+03 -4.98777539e-01 -5.24288438e+05
    -4.17975277e-01 -1.61480598e+01  1.04857688e+06 -6.55367109e+04
     9.04778481e+00  3.27691328e+04 -3.78869414e-01  1.04857625e+06
    -1.51634693e+00  3.06852251e-01  1.31073969e+05  5.35381794e-01
     3.27684883e+04 -1.31073312e+05  7.49475598e-01  8.54000449e-01
    -4.09790039e+03 -1.63846875e+04  5.07397938e+00 -1.39158797e+00
     2.62144656e+05 -2.16612577e+00  1.31072266e+05  3.27691016e+04]]

  [[ 3.46804905e+00 -2.56792603e+02 -1.94826230e-01  6.64430678e-01
    -3.27687188e+04 -1.12817156e+00 -2.62144375e+05  4.42984283e-01
    -5.13249939e+02  8.19284570e+03 -1.06702411e+00 -4.94660050e-01
     3.60679531e+00  6.49039536e+01 -8.84184837e+00 -4.53706551e+00
     4.59421015e+00  1.82698727e-01 -2.62145094e+05 -1.02430200e+03
    -1.02493188e+03 -2.93176234e-01 -8.49236393e+00 -3.34104195e+01
     6.61589146e-01 -1.04857612e+06  2.15192866e+00  1.33029509e+00
     5.12295715e+02 -6.45891800e+01  6.90202951e-01  8.09450531e+00]]

  [[ 6.51041031e+01 -3.27680469e+04 -5.84151149e-02 -1.63841523e+04
     8.37915039e+00 -8.53616118e-01  1.63847246e+04  1.28367172e+02
     1.04857775e+06  4.63922024e-01 -2.56476562e+02 -3.27701992e+04
    -1.41055095e+00 -6.55360547e+04  2.02761245e+00  4.06981468e+00
    -1.23311007e+00  5.24288625e+05  2.62146156e+05  4.09656641e+03
     3.27688906e+04 -2.56355194e+02  2.85685770e-02 -2.13877797e+00
     5.14369324e+02  2.62144469e+05  5.24288188e+05  1.63852637e+04
    -2.62144594e+05 -5.24289250e+05  6.40325851e+01  1.68385315e+01]]

  [[-9.39324737e-01  1.09976470e+00  1.85725331e-01  1.98106885e-01
    -2.04888965e+03  1.34352636e+00 -2.64599776e+00 -1.33788025e+00
     4.09683887e+03  2.53015733e+00  1.31072484e+05 -3.27680078e+04
     2.62144031e+05 -1.02499146e+03  8.19308203e+03  1.28689301e+02
     5.20665789e+00 -1.31073156e+05  1.28376877e+02  1.32314533e-01
     2.57895172e+02 -1.63853066e+04  6.49006882e+01  4.32465225e-01
     4.09680518e+03 -4.79542792e-01  1.25700772e+00 -6.12387836e-01
     5.12851624e+02  4.69108200e+00  2.04992847e+03 -6.86245024e-01]]

  [[ 6.98499605e-02  1.31073297e+05  5.12166626e+02  6.55371016e+04
     2.04851025e+03 -2.44223952e+00  6.40624084e+01  1.28568497e+02
     1.02476147e+03  7.11957812e-01 -5.12644592e+02  4.09621143e+03
    -1.29645782e+02  2.62144188e+05 -4.09603516e+03  2.62144438e+05
     1.02486145e+03 -8.19264453e+03 -5.24289812e+05 -5.24289000e+05
    -1.01041853e-01  4.09619580e+03 -4.49414879e-01 -1.00983322e+00
     1.85427153e+00  8.09966445e-01 -8.12718391e-01 -3.15411270e-01
     4.53750938e-01  2.08174872e+00  1.81753695e-01  1.81732023e+00]]]]
	OpName : Ops.IDENTITY
	Original : [[[[-0.02780434 -0.39120367 -0.8129835   0.55591017  0.10728955
    -0.82416147 -0.37377772 -1.3042095   2.0156941  -0.56990653
    -0.10090283  0.45496428 -0.02239434 -0.97732824 -0.79426205
    -0.07413351  1.6388365   0.93974876  0.12809847  1.819926
     0.03827426 -1.2102512   1.2141441   0.42994502  0.08933076
    -1.0570698   0.20435981 -1.3827826  -0.8370972  -1.0543661
     0.6221052  -1.1973847 ]]

  [[ 0.24520576 -0.6371985   1.5100893  -0.22662167  0.58182806
     0.75049394 -0.34699383 -0.31411666  1.188139   -1.6419786
     1.9511352   0.37204853 -0.80581164 -0.6419469  -0.9247201
     1.291547   -1.8389356  -0.20674458 -0.5356152  -0.00437066
    -0.8188214  -0.20145851 -0.4128231   1.5135349   0.9324923
     1.1698858   1.9575999  -0.09607794  0.9171079   0.29776472
    -0.09640797 -2.1776128 ]]

  [[-0.82930213 -0.54688996 -0.03266155  0.51866466 -0.44906735
     0.01895256  1.6608516   0.7586404  -0.16868718 -0.16538326
    -1.4876604  -0.52128845  0.8878889   2.31319    -0.72421634
     0.31313735 -0.14156921 -0.11036363 -1.0169479  -0.69610536
     0.37846628 -1.7741544  -0.27691105 -1.2556573   0.02988903
     1.2207133  -0.63129455  0.19080888  0.7584468   1.4494693
     0.6296046  -0.36406612]]

  [[-0.06718559 -0.9520797  -0.20447661 -0.6009056  -0.7899738
    -1.2444288   0.8581473   1.0589125   0.05305238 -1.3262538
    -0.10523786 -0.25031716  0.43500838  2.453121    0.02185522
    -0.2754945   0.82937     0.7352122   0.37741688 -1.7387518
    -0.57821673  2.6764693  -0.28673494 -0.30072585  0.18322739
     1.0838592   0.88072675 -1.1620462   1.4340935  -0.65987927
    -0.32057407 -1.1229802 ]]

  [[ 0.7863629  -0.6525587  -0.5717553  -0.35924134 -0.02266058
     1.9380541  -0.16662009 -0.3992755  -0.06138255 -0.39199147
    -1.4412435   1.9875     -0.8468504   0.16034575 -0.3967612
    -0.15756105  0.45366836  0.6094854  -1.3681139   0.9704665
    -0.8580291   0.57053924 -0.3887447  -0.4187864  -2.4719796
     2.1282208   0.08131251 -0.31901163  0.08066202 -0.8942783
    -0.39964584 -1.840296  ]]]


 [[[-0.20816045  1.2403297   0.10385789 -0.435318    1.7041038
     0.0410693   0.01667908 -0.4885543   0.2674373   2.2709012
    -0.82650805  0.12443326  0.656659   -1.3235903   1.5675161
     0.04756043  0.35328218 -0.696227    0.9399103  -0.22241257
    -0.6766     -1.3220828   2.1614802  -1.5477971   0.57701
    -1.941021    0.2122389  -0.7309966   0.2835318  -0.3507613
    -0.29213375  1.0159075 ]]

  [[ 0.8507298  -0.4841975  -0.1947623   1.8311788   2.8312232
     0.313225   -2.061747    1.4359186  -0.6638733  -1.5817219
    -0.12717986 -0.11176234  0.351611   -2.5920513  -1.0083865
     0.48496845 -0.2122234   0.1902734   0.15802194 -0.08419577
    -0.7622249   0.41031492 -2.5179832  -0.461308    0.1079027
    -0.35194257  0.06039491  0.9576336   0.9555381  -0.2012273
    -0.7854425   0.045365  ]]

  [[ 1.2043936   1.4558885   1.6462417   0.7786036   0.9447274
    -0.8113127   0.4645608  -0.41911584 -0.24173622  0.11624228
     0.04658448 -0.46282098 -0.259922   -1.5343809  -0.3600638
     0.4931596   0.4460368   0.83337086 -0.18308829 -0.5678789
    -0.05030185 -0.55476296  1.1130542  -0.7300612   0.6877489
     1.3450212  -1.3762125   0.88844985 -0.3805107   1.1291238
     1.4209989   0.5669834 ]]

  [[-0.44776937 -1.1404784  -0.51148707  0.8441704   0.06797188
    -0.28746468 -1.6510861   0.90388656 -0.13925432 -1.3517225
    -0.33802822 -0.6468937   0.43174484 -2.5160348  -1.0905776
     0.6781144   0.32235688  1.2213241   1.7638432  -0.09757569
    -2.593772    0.63694566 -0.47803348 -2.1614776   1.5012022
     0.15472311  1.3169811   0.15394227  0.8341033   0.48922154
    -0.10542356 -0.49698955]]

  [[ 0.5533676  -0.4028455   1.3809376  -0.66571575  0.8839274
    -0.436135    2.6988125   1.0617608   0.7246624  -0.5638198
    -0.04613336 -1.1516801  -1.6033872  -0.9382978  -0.25042748
    -1.3321714   0.01034949 -0.8836543  -0.5050912   0.41375336
    -0.21402614  0.47533482 -0.08073894  0.97340846 -0.97699934
     0.09950535 -1.6303481   3.0918102   0.5552056   0.7936731
    -1.6853796  -2.0566156 ]]]


 [[[ 0.18527195 -0.5699823   0.14631814  0.35755864 -0.70466316
     0.7495309   0.0779024   0.942509   -1.6428244  -1.2742891
     0.35231602 -1.6386762   1.4009043  -0.25681427 -0.7751935
     0.26817378  0.18730678  0.5009004  -2.0194583   0.42238107
    -0.23364405  0.82058424  0.37723285  0.23198812  0.01677051
    -1.3859633  -0.50148183  0.50640863 -0.42741424 -1.0958502
    -1.6909508  -1.1009299 ]]

  [[ 0.34080264 -0.01657339  1.9355646  -2.170239    0.13248517
     2.310201    0.3490451   1.0627499   1.7602111  -1.300496
     0.38830942 -0.782169   -0.670004   -1.2655908   0.5141811
    -1.0874149   0.59679484 -2.7991905   1.1535771  -0.08358902
    -0.0335696   2.3211522   1.1760664  -1.2452542   0.02733892
    -1.5486573   0.422706    0.01332753  0.07395095 -0.77854985
     0.3164911   0.89737076]]

  [[ 1.0489143  -1.0014671  -1.0302719   1.1522268   0.6241064
     1.0126939   0.2860851  -1.124686    0.96339613  1.2313104
    -0.2625572   0.608727    0.6613542  -0.37858483 -2.2764137
     1.5837793   2.1567671  -0.1949717   0.48901296  1.150946
    -1.5645131  -1.0947297  -0.2218855  -1.5073899   1.4652478
    -0.7520843  -0.49953553  0.4047491   0.21414846  0.599345
    -1.1300414   1.5022038 ]]

  [[ 1.2640373  -1.1032304  -0.4406004  -0.35745203 -0.56590265
    -1.091872    0.06249063 -0.76211846 -0.9130238   1.0039802
     0.72545683  0.42955583 -0.06876647  0.21619956 -0.3365213
    -0.8291475  -1.2267294   0.63902587  0.44481668 -0.5993861
    -1.3662543  -0.28071865 -0.1709567   0.36450475 -0.33721647
     0.8388922   0.16813982  0.3647598   0.44175026  2.1404898
     0.9391251  -1.9115236 ]]

  [[ 0.61264545  0.71292573  0.6206868   1.2036961   1.9027659
     0.40884897  1.4825349   0.10297775 -0.4098897  -1.8002326
    -0.77611953 -2.1208663   0.02824842  1.1346347   0.4581731
     0.35446447 -0.38053328  0.40609062 -0.12128394 -1.7307066
     0.2982522   0.6068478  -0.33999228 -0.647236   -1.7799042
     0.392004   -0.4617859   0.18317    -0.62633574 -2.097952
     1.2297571  -1.6822762 ]]]


 [[[ 1.0409306   1.0989926  -1.1120559  -1.1263742   1.3796871
     0.19542867  0.70411545  1.1589203  -1.5408388  -0.8452767
     0.41886625  1.2101896   0.6367068  -0.8196741  -0.29910263
     0.21198186  1.0631968   0.47932962  1.7172769   1.0575274
    -0.22032464  1.4221195   0.606292   -0.18306951 -0.00671208
     0.31456286  1.1204832   1.3850448   0.28360042 -0.38709432
     0.6641782   0.78980386]]

  [[-0.8437365  -0.28329995  1.1493967   0.5959732   0.30497348
     1.196609   -1.0071073   0.89458656  1.0156523   0.57049894
     1.2141782   0.02078969  1.676633   -1.7008474  -0.26720163
    -0.42269573  0.5550878   0.09235373  0.389563   -0.4058184
    -0.02951067 -0.3444686   0.37339917  0.35316092  0.94280505
    -0.6418169  -0.15312044 -2.410928    0.33086124 -0.0102344
    -0.22074363  1.0250579 ]]

  [[-0.86479056  1.1795613  -0.49280274  0.17310423 -0.48608863
    -0.48236     1.186901    0.54403037 -1.3494521  -1.5818765
    -0.8157455   2.2460454   0.2676078  -0.910763    0.4782743
     1.4012803  -0.57979214 -1.3396417  -2.4994786  -1.2036852
     0.28095537  0.8742118   1.5838348  -1.4544275   0.78416985
     0.3847373   0.02453778 -1.1400685  -0.700025    0.6722184
     1.411794   -0.23561348]]

  [[-0.44484326 -0.9001952   0.48515138  0.55997586 -0.74868035
     1.5350082  -1.5887982   0.76723546 -0.97872466 -1.1604077
     0.2505609   0.24225685 -0.2533726  -0.74877554 -0.02144656
    -0.29270944  0.28665626 -1.6956004   0.57232994 -0.4187354
     0.34617242 -0.8943962   1.3597807   0.19541271 -0.21547551
     0.53163874  1.0483145  -0.5377604  -0.8301416  -0.60843563
    -1.144301    2.0427804 ]]

  [[-0.09136678 -0.15874347  0.87717366 -0.21839598 -1.3322212
     0.89752316 -0.13203022  0.7172244  -0.98509526  0.39975202
     0.2828005  -0.76739925  0.12440714 -0.37715194  0.4193418
     1.8274965   0.9191161   0.9676786  -0.33516675  0.6156009
    -0.3842737  -0.88774914  1.7186104   0.13222551 -0.6328357
    -1.4079936   0.4197011   0.14443989 -0.47128916  0.6691599
     0.95430994  0.96104544]]]


 [[[-1.1269462   0.88847774 -0.46637872 -1.1011081   0.8454833
     0.14586969 -0.46752754 -0.41385219 -0.41895184 -0.14806063
     0.89275235 -0.71087563  1.0477848   1.1345628  -0.38277566
     0.18847452 -1.6413469   0.3107585   1.9744909   0.5041318
     0.48894003 -1.3181835   0.7182256   0.97900045 -1.9004034
    -0.6866719   1.0739791  -1.266588    0.65290844 -2.170032
     0.26140758  1.1029564 ]]

  [[ 1.4680492  -0.79261655 -0.22607623  0.16443066 -0.7168742
    -1.0031716  -0.3857624   0.38048428 -1.2499372   0.84544057
    -0.06702415 -0.4956366   1.6067954   0.90395033 -0.8418482
    -0.5370657   0.59420997  0.24519873 -1.0863521  -0.30204707
    -0.93184006 -0.29512936 -0.49236438 -1.4104183   0.67721415
    -0.09002646  2.1831787   1.3615451   0.29569793 -0.5891781
     0.6911795   0.09450551]]

  [[ 1.1040998  -0.04818965 -0.18341511 -0.15158041  0.3791505
    -0.8458036   0.7238053   0.36717     1.7773187   0.46782827
    -0.4765661  -2.1974592  -1.4183635  -0.05445974  0.02761247
     0.06981451 -1.1081101   0.60367876  2.1605277   0.5665402
     0.89007777 -0.35517997  0.02759201 -0.13877796  2.369331
     0.47365475  0.15863578  1.2644261  -0.5819438  -1.264618
     0.03258728  0.8385308 ]]

  [[-0.943231    1.1075772   1.1857253   0.13560688 -0.88964975
     0.34352642 -0.64599776 -1.4628803   0.83901566  0.53015727
     0.48784253 -0.00813979  0.03714648 -0.9914296   1.0819649
     0.6893061   1.2066578  -1.1502802   0.3768769   0.14012703
     1.8951726  -1.3066319   0.9006886   0.42465273  0.8052956
    -0.4951678   1.2882577  -0.62020034  0.85161656  0.69108194
     1.9284067  -0.561245  ]]

  [[ 0.00734996  1.2982911   0.16664506  1.1041374   0.5102923
    -2.9422395   0.06240994  0.5685      0.7615116   0.7041453
    -0.64458215  0.21136607 -1.6457751   0.20138825 -0.03528847
     0.45261636  0.8614983  -0.64442635 -1.785361   -0.9730473
    -0.22604185  0.1957977  -0.44941488 -1.0098332   1.8542715
     0.80996644 -0.8127184  -0.31541127  0.45375094  2.0817487
     0.1817537   1.8173202 ]]]]
	Time : 0:00:00.452644
 }
