Starting log at 2022-05-07 18:24:14.108208

{
	Count : 2
	Injected : 0.0
	OpName : Ops.SUB
	Original : 0.0
	Time : 0:00:00.004560
 }
{
	Count : 6
	Injected : 1.0
	OpName : Ops.SUB
	Original : 1.0
	Time : 0:00:00.008857
 }
{
	Count : 7
	Injected : 1.0
	OpName : Ops.REALDIV
	Original : 1.0
	Time : 0:00:00.014118
 }
{
	Count : 10
	Injected : 1.0
	OpName : Ops.SUB
	Original : 1.0
	Time : 0:00:00.087133
 }
{
	Count : 14
	Injected : [      5    1026    2049     128      68     129   16388       1    1029
      73      16   16390      25    4096  262145    4101  524297   32775
  131075      20      41     262   65542   65541       6     256  524295
  262148       2    1025 1048579 1048577  262147      68     519  524290
     135  524289    8194    1025    4097  131079    2052  524290      11
   32773     513   32770   16388       0      14      19     261       1
      14       1      36    1025  131081      13      71   16392    8201
  131075     263      36     262     132     131    1024     263       4
   32770    8201  262145       5      11    8194     521     135     263
   32774  262146     263      12      68      39    4099   16390    8193
    8195    2054  524297   16387      17   65540      33      39      22
     265    8198       8      69      36     521  131081      18 1048577
   32777  131076  524296   32775 1048579     521  262151       0     516
   16388 1048585     514  524293  262148  131079      38      39  524297
      32   32773    2056     133      70       4    2053       6   32776
   32769   65536      65       2      68   65542     135    1027       3
      71    2049    1032    1026    2048    8194     521     521      37
       7     513  131077  262150   32768    2051   32772     132     518
      13      20      70       1      68       1       5   65540      20
    4103       3    2051      10      23      65      40    8193   32776
      33       0   65541       1   65544      13     258   32773     128
    8193    8193     129   32768       1  524288       1       3      22
     516     258      11       7   16385      65    4097    4099       1
       7   32770  131081      20      69      41    8195      73       1
  262147     518    1029       4      71    1026     514      39     513
  131074   32776     132      17      23  262147      67    4104    2056
      23       1       0  131074  131076    8193  524293     521   65544
      39   16386 1048579       0       4       4       2       4       1
       9       5       7       7]
	OpName : Ops.ARGMAX
	Original : [7 2 1 0 4 1 4 9 5 9 0 6 9 0 1 5 9 7 3 4 9 6 6 5 4 0 7 4 0 1 3 1 3 4 7 2 7
 1 2 1 1 7 4 2 3 5 1 2 4 4 6 3 5 5 6 0 4 1 9 5 7 8 9 3 7 4 6 4 3 0 7 0 2 9
 1 7 3 2 9 7 7 6 2 7 8 4 7 3 6 1 3 6 9 3 1 4 1 7 6 9 6 0 5 4 9 9 2 1 9 4 8
 7 3 9 7 4 4 4 9 2 5 4 7 6 7 9 0 5 8 5 6 6 5 7 8 1 0 1 6 4 6 7 3 1 7 1 8 2
 0 2 9 9 5 5 1 5 6 0 3 4 4 6 5 4 6 5 4 5 1 4 4 7 2 3 2 7 1 8 1 8 1 8 5 0 8
 9 2 5 0 1 1 1 0 9 0 3 1 6 4 2 3 6 1 1 1 3 9 5 2 9 4 5 9 3 9 0 3 6 5 5 7 2
 2 7 1 2 8 4 1 7 3 3 8 8 7 9 2 2 4 1 5 9 8 7 2 3 0 4 4 2 4 1 9 5 7 7]
	Time : 0:00:00.296787
 }
