Starting log at 2022-05-07 18:24:14.115477

{
	Count : 5
	Injected : [-1.4961210e+00 -1.0257563e+03 -5.7359558e-01  2.6214522e+05
  1.6384225e+04 -1.6500444e+00 -8.7205744e+00  1.5450938e+00
  1.6795065e+01 -3.2768055e+04 -4.8228331e+00 -3.2765701e+01
 -1.2875885e+02 -1.8181514e+00 -5.1326074e+02  9.5969632e-02
  6.3792318e-01 -6.4304451e+01 -1.3399532e+00  6.5536500e+04
 -2.5629437e+02 -1.0246042e+03 -1.6952612e+01  2.5726776e+02
  1.3107223e+05  8.1925576e+03 -5.2428825e+05 -1.2922778e+02
  6.4620733e-02 -3.2769074e+04  8.3434534e-01  5.4383302e+00
  8.5823803e+00 -5.2428919e+05 -5.7007732e+00 -8.1936270e+03
  6.5316162e+01  3.2810005e+01 -8.6141634e+00 -6.5163200e+01
 -2.6023543e-01  7.4034244e-01  6.4192070e+01  1.6386291e+04
 -1.7241713e+01  8.9848871e+00 -5.1228503e+02  3.2849876e+01
 -5.9151793e-01  6.5536648e+04  5.1830945e+00 -1.2673676e+00
  6.6638064e-01 -3.2768020e+04  1.0455827e+00  1.6268935e+00
  4.9215445e-01 -1.2724049e-01 -8.9256155e-01 -6.2157774e-01
  2.9808003e-01 -1.3517597e-01 -1.0844808e+00  1.1707287e+00]
	OpName : Ops.IDENTITY
	Original : [-1.996121   -1.7563089  -0.07359561  1.219527    0.2248687  -1.1500444
 -0.72057456  0.5450938   0.7950642  -0.05587779 -0.8228328  -0.7656997
 -0.7588484  -1.7556514  -1.2607645   0.09694619  0.6535482  -0.30445382
 -1.3712032   0.49767852 -0.29438037 -0.6042676  -0.952612    1.2677622
  0.2408327   0.5573019  -0.26622945 -1.2277824   1.0646207  -1.0741975
  0.33434537  1.4383303   0.58238065 -1.1886846  -1.7007735  -1.6272848
  1.3161657   0.8100046  -0.6141634  -1.1631968  -0.27586043  0.24034242
  0.19207029  2.2910206  -1.2417123   0.98488724 -0.28502405  0.849878
 -0.5290179   0.65187263  1.1830945  -0.2673676   0.54138064 -0.01912863
  1.0455827   1.6268935   0.49215445 -0.1272405  -0.89256155 -0.62157774
  0.29808003 -0.13517597 -1.0844808   1.1707287 ]
	Time : 0:00:00.202710
 }
