Starting log at 2022-04-22 17:46:18.600511

{
	Count : 7
	Injected : [[[[[-3.39316130e-01 -3.47423553e-01 -1.09863496e+00 ...
      1.20021212e+00  5.64622641e-01 -1.20809412e+00]
    [-3.29873949e-01  1.64769322e-01  1.65573165e-01 ...
      8.83203149e-01  2.23413408e-01 -1.22750783e+00]
    [ 9.40757573e-01 -1.35168386e+00 -8.62014815e-02 ...
      4.04855311e-01  1.22323430e+00  2.26023555e-01]
    ...
    [-5.21555394e-02  1.85481808e-03 -1.30413607e-01 ...
     -3.65772545e-01  1.26545608e-01  1.32918167e+00]
    [-6.50753021e-01  1.98671445e-02  8.40666592e-02 ...
      6.28686488e-01 -1.25558317e+00  4.33002383e-01]
    [ 3.52493644e-01  1.53249666e-01 -5.37012696e-01 ...
     -2.94046700e-01  1.33540154e+00  8.34460497e-01]]

   [[ 6.64670989e-02 -7.39182413e-01  5.17971158e-01 ...
     -8.87555242e-01 -1.36019123e+00  1.37339652e+00]
    [-1.87776792e+00 -1.21902239e+00  4.82700139e-01 ...
      1.07545805e+00  4.59857672e-01  1.70450103e+00]
    [ 5.83352864e-01 -1.67783165e+00 -4.91570458e-02 ...
      7.69046247e-01 -1.07333469e+00 -6.09656036e-01]
    ...
    [ 5.46567619e-01 -1.53024185e+00  7.47204840e-01 ...
     -2.49971047e-01  1.70339143e+00  6.98777676e-01]
    [-1.48818493e-01 -1.33949980e-01  8.53430986e-01 ...
      7.42646575e-01  5.00623822e-01 -1.06172152e-01]
    [ 8.56095850e-01  3.24197799e-01  7.16860116e-01 ...
      1.33183706e+00 -4.21364069e-01 -6.92282081e-01]]

   [[ 9.29549456e-01  8.95414650e-01  9.23514903e-01 ...
     -1.13886930e-01  1.45813286e+00 -1.83602292e-02]
    [-1.72459495e+00 -1.82360828e+00 -1.67459741e-01 ...
     -5.79509854e-01  4.43459868e-01 -1.11282301e+00]
    [ 1.05925076e-01  1.78161645e+00  1.52090266e-01 ...
      5.42182386e-01 -5.80150723e-01 -4.46637750e-01]
    ...
    [-8.09524238e-01  1.84850350e-01  5.79270497e-02 ...
     -9.95268896e-02 -3.56931806e-01  1.45682231e-01]
    [ 9.54526603e-01  5.43598607e-02 -1.33198404e+00 ...
     -4.60263819e-01  2.34214783e-01  1.70749569e+00]
    [-4.61601079e-01 -2.41626576e-01  1.00810719e+00 ...
      1.50308287e+00  1.38814139e+00 -1.48781228e+00]]]]



 [[[[ 3.02802678e-02 -7.73943901e-01 -4.65227991e-01 ...
     -1.44348526e+00  3.97088289e-01 -2.78151393e-01]
    [-3.01253557e-01 -5.63107967e-01 -5.05114734e-01 ...
      1.00153840e+00  5.67312054e-02  1.29146349e+00]
    [ 6.13822162e-01  1.36638474e+00  2.89020151e-01 ...
     -2.93266773e-01  6.27456486e-01  1.53857619e-01]
    ...
    [-1.21265784e-01 -7.01707780e-01 -4.05282229e-01 ...
     -1.19209015e+00  6.26030207e-01  2.05197096e+00]
    [ 5.44871688e-01  1.11912690e-01 -3.83636169e-02 ...
     -1.54753184e+00 -9.28239763e-01 -2.73146808e-01]
    [-1.72607076e+00 -1.04637349e+00  1.86633244e-01 ...
     -3.35229307e-01 -3.24368894e-01 -3.77911359e-01]]

   [[ 6.47840858e-01  9.96133983e-02 -5.01842313e-02 ...
     -1.16605461e+00  1.22272778e+00  7.17354834e-01]
    [ 5.54846302e-02  4.42004025e-01 -1.13291299e+00 ...
      4.08097386e-01  9.08316374e-01  5.64948559e-01]
    [-1.47818696e+00 -2.48956412e-01 -8.33848268e-02 ...
     -6.98564351e-01  1.16145504e+00  4.90354717e-01]
    ...
    [-1.29587018e+00 -2.87975669e-01 -1.21307838e+00 ...
     -1.57451165e+00  1.47725368e+00 -1.33697724e+00]
    [-2.85998046e-01  2.11664724e+00  9.22874153e-01 ...
      7.82348216e-01 -1.07975614e+00 -2.28702474e+00]
    [-6.24035835e-01 -4.32001472e-01  2.09322244e-01 ...
     -6.63637519e-01  2.51264167e+00 -1.89215219e+00]]

   [[-9.54955816e-01 -1.06103098e+00  7.68872738e-01 ...
     -2.22816014e+00  1.28336895e+00  4.48241979e-01]
    [ 1.89786792e-01 -6.80764377e-01 -1.10490108e+00 ...
      1.37711155e+00  1.43362880e-01 -4.44537431e-01]
    [-6.84088647e-01  7.25983679e-01  9.68585312e-01 ...
     -8.04191411e-01  1.89459503e-01  5.59480071e-01]
    ...
    [ 5.64767718e-01  5.31273961e-01  8.73994887e-01 ...
      8.87062848e-01  2.81611495e-02  3.31894994e-01]
    [-9.70988870e-01  8.14532399e-01 -6.94100782e-02 ...
     -3.27693373e-01 -5.35822332e-01  2.03992200e+00]
    [ 9.48638380e-01 -3.10054541e-01  4.35717732e-01 ...
      1.35759890e+00  3.84708971e-01  2.02366710e-01]]]]



 [[[[-4.42229301e-01  1.31771672e+00  1.99520385e+00 ...
     -1.06151812e-01 -9.33563769e-01 -5.66270173e-01]
    [ 1.01345146e+00  6.71880022e-02  2.38064811e-01 ...
      1.85889304e-01 -3.86999726e-01  5.89018822e-01]
    [-5.45176029e-01  1.19276059e+00  7.28629291e-01 ...
     -9.82008636e-01  3.70484918e-01 -8.56007397e-01]
    ...
    [-1.02437222e+00 -4.82837081e-01  1.53621864e+00 ...
     -2.60184795e-01 -8.59348655e-01  1.19840121e+00]
    [-2.29031587e+00 -9.87706721e-01  1.45710754e+00 ...
     -1.63202465e+00 -1.39224613e+00  1.95237362e+00]
    [ 8.20427760e-03  1.31297588e-01 -8.94993544e-02 ...
      5.61088383e-01  6.45374656e-01 -6.62198663e-01]]

   [[ 2.00688767e+00  9.79147732e-01  4.37457234e-01 ...
     -1.19070727e-02 -3.92807543e-01 -1.30504096e+00]
    [ 8.43571842e-01 -1.04626048e+00 -5.08508325e-01 ...
      4.15938824e-01 -2.80536711e-01  4.44047034e-01]
    [-4.66680944e-01 -1.44478917e+00  1.40228808e-01 ...
     -1.48970950e+00 -1.44169331e+00 -2.67366099e+00]
    ...
    [ 1.17748010e+00  1.44828975e-01 -2.13884041e-01 ...
     -1.18854247e-01 -6.32158995e-01 -4.31539267e-02]
    [-2.79762268e+00  4.06152382e-03  1.84755221e-01 ...
      9.63582814e-01  4.02778760e-02  2.42570251e-01]
    [-1.08860898e+00  1.06613541e+00  4.15978163e-01 ...
     -7.07597211e-02 -8.84745181e-01  9.98623431e-01]]

   [[-7.76686251e-01  2.74612784e-01  2.16306582e-01 ...
      6.48837149e-01 -1.03519619e+00  7.13180721e-01]
    [-3.18444043e-01 -1.26759338e+00 -1.23385000e+00 ...
      2.92465591e+00  7.00038001e-02 -2.08293128e+00]
    [-6.44161999e-02 -4.41730410e-01 -2.76491046e-01 ...
     -1.74436078e-03  1.16617918e+00 -1.43798506e+00]
    ...
    [ 4.82580885e-02 -8.91914785e-01 -1.31322324e-01 ...
     -2.71253526e-01 -4.38505769e-01 -9.49130595e-01]
    [ 9.86822367e-01  1.42481673e+00  4.47608739e-01 ...
      1.03240931e+00 -8.01359534e-01  1.59809422e+00]
    [-1.35237247e-01  2.54442334e-01  5.85550785e-01 ...
     -3.23664403e+00 -7.99350500e-01  4.73935783e-01]]]]]
	OpName : Ops.IDENTITY
	Original : [[[[-3.39316130e-01 -3.47423553e-01 -1.09863496e+00 ...  1.20021212e+00
     5.64622641e-01 -1.20809412e+00]
   [-3.29873949e-01  1.64769322e-01  1.65573165e-01 ...  8.83203149e-01
     2.23413408e-01 -1.22750783e+00]
   [ 9.40757573e-01 -1.35168386e+00 -8.62014815e-02 ...  4.04855311e-01
     1.22323430e+00  2.26023555e-01]
   ...
   [-5.21555394e-02  1.85481808e-03 -1.30413607e-01 ... -3.65772545e-01
     1.26545608e-01  1.32918167e+00]
   [-6.50753021e-01  1.98671445e-02  8.40666592e-02 ...  6.28686488e-01
    -1.25558317e+00  4.33002383e-01]
   [ 3.52493644e-01  1.53249666e-01 -5.37012696e-01 ... -2.94046700e-01
     1.33540154e+00  8.34460497e-01]]

  [[ 6.64670989e-02 -7.39182413e-01  5.17971158e-01 ... -8.87555242e-01
    -1.36019123e+00  1.37339652e+00]
   [-1.87776792e+00 -1.21902239e+00  4.82700139e-01 ...  1.07545805e+00
     4.59857672e-01  1.70450103e+00]
   [ 5.83352864e-01 -1.67783165e+00 -4.91570458e-02 ...  7.69046247e-01
    -1.07333469e+00 -6.09656036e-01]
   ...
   [ 5.46567619e-01 -1.53024185e+00  7.47204840e-01 ... -2.49971047e-01
     1.70339143e+00  6.98777676e-01]
   [-1.48818493e-01 -1.33949980e-01  8.53430986e-01 ...  7.42646575e-01
     5.00623822e-01 -1.06172152e-01]
   [ 8.56095850e-01  3.24197799e-01  7.16860116e-01 ...  1.33183706e+00
    -4.21364069e-01 -6.92282081e-01]]

  [[ 9.29549456e-01  8.95414650e-01  9.23514903e-01 ... -1.13886930e-01
     1.45813286e+00 -1.83602292e-02]
   [-1.72459495e+00 -1.82360828e+00 -1.67459741e-01 ... -5.79509854e-01
     4.43459868e-01 -1.11282301e+00]
   [ 1.05925076e-01  1.78161645e+00  1.52090266e-01 ...  5.42182386e-01
    -5.80150723e-01 -4.46637750e-01]
   ...
   [-8.09524238e-01  1.84850350e-01  5.79270497e-02 ... -9.95268896e-02
    -3.56931806e-01  1.45682231e-01]
   [ 9.54526603e-01  5.43598607e-02 -1.33198404e+00 ... -4.60263819e-01
     2.34214783e-01  1.70749569e+00]
   [-4.61601079e-01 -2.41626576e-01  1.00810719e+00 ...  1.50308287e+00
     1.38814139e+00 -1.48781228e+00]]]


 [[[ 3.02802678e-02 -7.73943901e-01 -4.65227991e-01 ... -1.44348526e+00
     3.97088289e-01 -2.78151393e-01]
   [-3.01253557e-01 -5.63107967e-01 -5.05114734e-01 ...  1.00153840e+00
     5.67312054e-02  1.29146349e+00]
   [ 6.13822162e-01  1.36638474e+00  2.89020151e-01 ... -2.93266773e-01
     6.27456486e-01  1.53857619e-01]
   ...
   [-1.21265784e-01 -7.01707780e-01 -4.05282229e-01 ... -1.19209015e+00
     6.26030207e-01  2.05197096e+00]
   [ 5.44871688e-01  1.11912690e-01 -3.83636169e-02 ... -1.54753184e+00
    -9.28239763e-01 -2.73146808e-01]
   [-1.72607076e+00 -1.04637349e+00  1.86633244e-01 ... -3.35229307e-01
    -3.24368894e-01 -3.77911359e-01]]

  [[ 6.47840858e-01  9.96133983e-02 -5.01842313e-02 ... -1.16605461e+00
     1.22272778e+00  7.17354834e-01]
   [ 5.54846302e-02  4.42004025e-01 -1.13291299e+00 ...  4.08097386e-01
     9.08316374e-01  5.64948559e-01]
   [-1.47818696e+00 -2.48956412e-01 -8.33848268e-02 ... -6.98564351e-01
     1.16145504e+00  4.90354717e-01]
   ...
   [-1.29587018e+00 -2.87975669e-01 -1.21307838e+00 ... -1.57451165e+00
     1.47725368e+00 -1.33697724e+00]
   [-2.85998046e-01  2.11664724e+00  9.22874153e-01 ...  7.82348216e-01
    -1.07975614e+00 -2.28702474e+00]
   [-6.24035835e-01 -4.32001472e-01  2.09322244e-01 ... -6.63637519e-01
     2.51264167e+00 -1.89215219e+00]]

  [[-9.54955816e-01 -1.06103098e+00  7.68872738e-01 ... -2.22816014e+00
     1.28336895e+00  4.48241979e-01]
   [ 1.89786792e-01 -6.80764377e-01 -1.10490108e+00 ...  1.37711155e+00
     1.43362880e-01 -4.44537431e-01]
   [-6.84088647e-01  7.25983679e-01  9.68585312e-01 ... -8.04191411e-01
     1.89459503e-01  5.59480071e-01]
   ...
   [ 5.64767718e-01  5.31273961e-01  8.73994887e-01 ...  8.87062848e-01
     2.81611495e-02  3.31894994e-01]
   [-9.70988870e-01  8.14532399e-01 -6.94100782e-02 ... -3.27693373e-01
    -5.35822332e-01  2.03992200e+00]
   [ 9.48638380e-01 -3.10054541e-01  4.35717732e-01 ...  1.35759890e+00
     3.84708971e-01  2.02366710e-01]]]


 [[[-4.42229301e-01  1.31771672e+00  1.99520385e+00 ... -1.06151812e-01
    -9.33563769e-01 -5.66270173e-01]
   [ 1.01345146e+00  6.71880022e-02  2.38064811e-01 ...  1.85889304e-01
    -3.86999726e-01  5.89018822e-01]
   [-5.45176029e-01  1.19276059e+00  7.28629291e-01 ... -9.82008636e-01
     3.70484918e-01 -8.56007397e-01]
   ...
   [-1.02437222e+00 -4.82837081e-01  1.53621864e+00 ... -2.60184795e-01
    -8.59348655e-01  1.19840121e+00]
   [-2.29031587e+00 -9.87706721e-01  1.45710754e+00 ... -1.63202465e+00
    -1.39224613e+00  1.95237362e+00]
   [ 8.20427760e-03  1.31297588e-01 -8.94993544e-02 ...  5.61088383e-01
     6.45374656e-01 -6.62198663e-01]]

  [[ 2.00688767e+00  9.79147732e-01  4.37457234e-01 ... -1.19070727e-02
    -3.92807543e-01 -1.30504096e+00]
   [ 8.43571842e-01 -1.04626048e+00 -5.08508325e-01 ...  4.15938824e-01
    -2.80536711e-01  4.44047034e-01]
   [-4.66680944e-01 -1.44478917e+00  1.40228808e-01 ... -1.48970950e+00
    -1.44169331e+00 -2.67366099e+00]
   ...
   [ 1.17748010e+00  1.44828975e-01 -2.13884041e-01 ... -1.18854247e-01
    -6.32158995e-01 -4.31539267e-02]
   [-2.79762268e+00  4.06152382e-03  1.84755221e-01 ...  9.63582814e-01
     4.02778760e-02  2.42570251e-01]
   [-1.08860898e+00  1.06613541e+00  4.15978163e-01 ... -7.07597211e-02
    -8.84745181e-01  9.98623431e-01]]

  [[-7.76686251e-01  2.74612784e-01  2.16306582e-01 ...  6.48837149e-01
    -1.03519619e+00  7.13180721e-01]
   [-3.18444043e-01 -1.26759338e+00 -1.23385000e+00 ...  2.92465591e+00
     7.00038001e-02 -2.08293128e+00]
   [-6.44161999e-02 -4.41730410e-01 -2.76491046e-01 ... -1.74436078e-03
     1.16617918e+00 -1.43798506e+00]
   ...
   [ 4.82580885e-02 -8.91914785e-01 -1.31322324e-01 ... -2.71253526e-01
    -4.38505769e-01 -9.49130595e-01]
   [ 9.86822367e-01  1.42481673e+00  4.47608739e-01 ...  1.03240931e+00
    -8.01359534e-01  1.59809422e+00]
   [-1.35237247e-01  2.54442334e-01  5.85550785e-01 ... -3.23664403e+00
    -7.99350500e-01  4.73935783e-01]]]]
	Time : 0:00:00.238310
 }

---------------------------------------
Done injections
