Starting log at 2022-04-22 17:46:18.601464

{
	Count : 7
	Injected : [ 3.6162314e+00  4.5289598e+00 -1.6714797e+00 -1.0245197e+03
  4.0966636e+03  6.5536211e+04 -9.3844175e-01 -5.2429050e+05
 -6.6881788e-01  1.9909054e+00  1.6201090e+01 -5.0183713e-01
 -8.1665640e+00  5.7478601e-01  2.5616992e+02  2.0486970e+03
  1.9379139e-01 -6.3872856e-01 -1.3160857e+00  3.2275391e+01
 -4.5684052e-01  5.7640882e+00 -5.2428812e+05  1.8533510e+00
 -2.3702264e+00  5.5911475e-01 -7.7124166e-01 -2.0568329e-01
 -1.0485761e+06 -4.0961738e+03  9.4583762e-01  1.7247671e+00
  3.2638351e+01 -4.8790988e-01 -8.1922637e+03 -5.2429000e+05
 -3.2770141e+04  4.1920242e+00 -8.1936943e+03  1.6003143e+01
 -1.3107395e+05 -4.2796078e+00 -1.0485765e+06  5.1248950e+02
  2.6170342e+00  2.5719977e+02 -4.0961553e+03  2.1962564e+00
  4.1559166e-01 -3.3285301e+01  7.7789015e-01 -4.9582520e+00
 -1.1702281e+00 -6.4421890e+01 -4.4321480e+00  1.0242582e+03
 -1.3107227e+05 -6.5537148e+04  3.2770320e+04 -9.0011024e+00
 -7.3855631e-02  6.4364403e+01  5.1268750e+02  5.2428825e+05
  5.1401043e+00  5.1220911e+02 -2.0486382e+03  1.0245331e+01
 -4.3980236e+00 -4.0972480e+03 -4.0177937e+00 -3.2768562e+04
  2.4729962e+00 -2.2795883e-01  3.2768418e+04  4.0961118e+03
  6.4506470e+01 -3.1123912e+00 -8.1925752e+03 -3.2769727e+04
 -1.7507889e+01 -5.0182376e+00  6.4264275e+01  1.3107227e+05
 -5.9362087e+00  1.0485774e+06  1.6838350e+01 -8.1922070e+03
 -2.5662842e+02  1.9139227e+00 -1.1827968e+00 -6.5537078e+04
 -5.3743380e-01 -1.3107275e+05 -2.2715740e+00  2.2823682e+00
 -1.0485766e+06  9.2905819e-01 -2.0484805e+03 -1.0485765e+06
 -2.0480410e+03 -6.5536711e+04 -1.0485772e+06  9.9829268e-01
 -8.1368160e+00  2.0484312e+03 -1.2896167e+02 -3.5479877e-02
 -1.1482393e+00  1.6395060e+01  1.9143225e+00 -2.5620926e+02
 -3.3718473e-01  1.0241843e+03  6.9282591e-01 -1.7324375e+01
  1.2828083e+00 -5.1343890e+02  5.0631139e-02  2.8268477e-01
  4.5726159e-01  3.4038684e-01 -3.3703661e-01  6.6041243e-01
 -2.0704205e+00 -1.4967877e+00  6.2819493e-01 -1.0024454e-02]
	OpName : Ops.IDENTITY
	Original : [ 1.61623156e+00  5.28959632e-01 -6.71479702e-01 -5.19603968e-01
  6.63575590e-01  2.11346015e-01 -9.54066753e-01 -2.49215937e+00
 -6.69794440e-01  1.98895228e+00  2.01089174e-01 -1.83712773e-03
 -1.66563943e-01  5.12286007e-01  1.69918314e-01  6.97066665e-01
  1.31291389e-01 -6.36775434e-01 -1.06608570e+00  2.75388926e-01
 -1.45684052e+00  1.76408815e+00 -1.26336485e-01  1.60335100e+00
 -2.36924982e+00  6.84114754e-01 -5.21241665e-01 -7.05683291e-01
 -1.04041293e-01 -1.73891246e-01  9.38025117e-01  1.97476709e+00
  6.38349652e-01 -4.95722383e-01 -2.63341904e-01 -1.98912776e+00
 -2.14060378e+00  1.92024395e-01 -1.69427514e+00  3.14262812e-03
 -1.94972134e+00 -2.79607862e-01 -4.52664226e-01  4.89482611e-01
  6.17034137e-01  1.19976473e+00 -1.55049399e-01  2.19723296e+00
  4.07779157e-01 -1.28529966e+00  7.78866708e-01 -9.58252013e-01
 -1.17120469e+00 -4.21889454e-01 -4.32148039e-01  2.58143306e-01
 -2.65895218e-01 -1.14562941e+00  2.31967139e+00 -1.00110221e+00
 -1.05105631e-01  3.64402652e-01  6.87469900e-01  2.49590129e-01
  1.14010406e+00  2.09121823e-01 -6.38117552e-01  2.24533081e+00
 -3.98023725e-01 -1.24822271e+00 -1.77938677e-02 -5.60649812e-01
  4.72996294e-01 -2.31865078e-01  4.16142881e-01  1.11748464e-01
  5.06472528e-01 -1.11239123e+00 -5.75018525e-01 -1.72735047e+00
 -1.50788939e+00 -1.01823759e+00  2.64277220e-01  2.72947848e-01
 -1.93620896e+00  1.41404152e+00  8.38349640e-01 -2.06610769e-01
 -6.28402770e-01  1.92954767e+00 -1.18670309e+00 -1.07589996e+00
 -5.33527553e-01 -7.49288201e-01 -2.26962090e+00  2.82368213e-01
 -6.71601474e-01  9.36870694e-01 -4.80447114e-01 -5.14856815e-01
 -4.11133617e-02 -7.09142804e-01 -1.25346041e+00  4.98292714e-01
 -1.36815622e-01  4.31255162e-01 -9.61673915e-01 -3.15736271e-02
 -1.14628613e+00  3.95058751e-01  1.91627562e+00 -2.09273428e-01
 -3.21559727e-01  1.84275165e-01  6.94779038e-01 -1.32437599e+00
  1.34530830e+00 -1.43892956e+00  5.06311394e-02  2.82684773e-01
  4.57261592e-01  3.40386838e-01 -3.37036610e-01  6.60412431e-01
 -2.07042050e+00 -1.49678767e+00  6.28194928e-01 -1.00244544e-02]
	Time : 0:00:00.146908
 }
{
	Count : 24
	Injected : [ 0.61567014 -0.39481643 -2.2144876  -1.7619296  -1.2014557  -2.5018737
  0.7165924  -1.197809    1.7634575  -1.6974437 ]
	OpName : Ops.IDENTITY
	Original : [ 0.61567014 -0.39481643 -2.2144876  -1.7619296  -1.2014557  -2.5018737
  0.7165924  -1.197809    1.7634575  -1.6974437 ]
	Time : 0:00:00.157613
 }
{
	Count : 25
	Injected : [[[[[ 2.0254727e-01 -1.4684907e+00 -6.2833911e-01 ... -4.6081811e-01
     -1.3431850e-01  3.5127735e-01]
    [-1.3566178e+00 -1.0914161e+00 -2.8088215e-01 ...  1.6021838e+00
     -8.6511064e-01  1.1130336e-01]
    [ 9.0880996e-01 -1.0913086e+00 -5.2742189e-01 ... -1.0396327e+00
     -1.4399284e-01 -9.5898226e-02]
    ...
    [ 1.4174195e-02 -1.8989390e+00 -7.6612067e-01 ... -3.6047646e-01
      7.0428669e-01 -6.2862068e-01]
    [-6.6742450e-01  9.2950130e-01 -7.6745039e-01 ...  1.6329051e+00
     -1.1221749e+00  5.9272766e-01]
    [ 1.5558654e+00 -2.3777099e-02 -7.9349267e-01 ... -5.0678259e-01
      5.7176870e-01  2.0769434e+00]]

   [[ 1.1439831e+00  1.1655582e+00 -2.6617405e-01 ...  2.0309938e-01
      8.8602740e-01  5.6356853e-01]
    [-1.0268364e+00 -2.7070796e-01 -1.2070298e+00 ...  1.0414295e+00
      3.9295077e-01 -2.0648291e+00]
    [-6.6201724e-02 -8.9158350e-01  8.6483026e-01 ...  1.6719870e-02
     -1.0435759e+00  3.5011658e-01]
    ...
    [ 1.3800101e+00 -8.9106023e-01 -2.7671814e-01 ... -9.2214215e-01
      7.2159261e-02  1.0549784e+00]
    [ 7.3238182e-01  1.5920223e+00  9.5936871e-01 ...  4.9962375e-02
      6.4293903e-01  1.2212929e+00]
    [ 1.6826898e+00 -5.9678990e-01  2.3527902e-02 ... -6.7985815e-01
      2.6614729e-01  1.9618098e+00]]

   [[-1.8492699e-01  2.0308180e-01  7.7779368e-02 ... -7.6194692e-01
      4.5017919e-01  3.1060922e-01]
    [ 5.4016000e-01  5.7202911e-01  1.3224592e+00 ... -1.1385205e+00
      3.1741723e-01 -1.3675094e+00]
    [-1.5302215e+00  1.2197864e+00 -1.3727902e+00 ...  8.1224096e-01
      1.6144185e-01 -6.3253057e-01]
    ...
    [-4.5597821e-01  2.0826018e+00 -2.5614944e-01 ... -1.6582980e+00
      2.7575362e-01 -9.7682029e-01]
    [ 1.2480801e+00 -1.9482372e+00 -2.1148548e-01 ... -3.7741736e-01
      1.4466307e-01 -2.8640044e-01]
    [-2.7867007e-01  2.0858972e+00  3.9723641e-01 ...  1.1828327e+00
     -1.6836816e+00 -1.5277965e-01]]]]



 [[[[ 4.9349362e-01 -5.3901774e-01  1.1356746e+00 ...  1.5776861e+00
     -4.2585251e-01 -1.3286928e+00]
    [-6.9270366e-01  7.3787314e-01  1.1325859e+00 ...  2.0249104e+00
     -1.4163494e+00  2.6602173e-01]
    [-6.5117186e-01  1.3856466e+00  1.1185408e+00 ...  2.3854972e-01
     -2.4152383e-01  1.6665761e-01]
    ...
    [-5.7373947e-01 -7.7446026e-01  7.9551888e-01 ...  4.7531945e-01
      6.9241726e-01  1.0644995e+00]
    [ 4.5795697e-01 -3.4173766e-01 -1.5036107e+00 ... -6.2301874e-01
     -3.2520609e+00  2.6410195e-01]
    [ 1.2490178e+00 -4.0133676e-01 -1.8722926e-01 ...  5.2592105e-01
     -8.6154246e-01 -1.3322486e+00]]

   [[ 8.3175862e-01  8.0905360e-01 -1.2100688e+00 ... -2.7940431e-01
     -1.5518657e+00 -8.3567786e-01]
    [-1.9156578e-01 -5.5603480e-01  1.0457952e+00 ...  6.4289950e-02
      1.3639873e+00  2.3062435e-01]
    [-2.2440979e+00  1.9023448e-01 -1.2412320e+00 ...  4.2085862e-01
     -4.6840328e-01 -1.3845549e+00]
    ...
    [-1.4588528e+00  3.6063188e-01  9.9924281e-02 ...  6.0792959e-01
      2.3201606e-01 -3.1520641e-01]
    [ 7.5462949e-01  7.8266793e-01 -2.8903258e-01 ...  1.0007010e+00
      8.0699736e-01  1.2552489e+00]
    [-1.9370836e+00 -1.2733430e-01 -1.5885079e-01 ...  1.1832875e+00
      9.8998553e-01 -8.1082547e-01]]

   [[ 6.6924137e-01  7.2789872e-01 -1.0215118e+00 ... -3.4319261e-01
      9.8507690e-01  6.3625032e-01]
    [-1.2242525e+00  8.4830749e-01  9.3082801e-02 ... -6.4678854e-01
     -6.5455312e-01  1.2091776e+00]
    [ 4.2877197e-01  4.5559818e-01  7.7198654e-01 ... -1.7408939e-01
     -1.0060037e-01  2.0476041e+00]
    ...
    [-1.0202246e+00 -2.3381257e+00 -5.8180684e-01 ...  8.0196500e-02
      1.8965870e+00  8.3095020e-01]
    [-7.5101143e-01  1.1559252e+00  1.6257447e+00 ...  4.1506672e-03
      1.1362654e+00 -9.4945228e-01]
    [ 1.8371341e+00  6.7253239e-02 -4.0224823e-01 ... -7.6345277e-01
     -2.2738421e-01 -1.2433364e+00]]]]



 [[[[ 1.3545020e+00 -6.6673100e-01  3.6917772e-02 ...  1.7159545e-01
     -4.9993956e-01  3.6498019e-01]
    [-1.1872896e+00  7.7802354e-01  1.3014402e+00 ...  1.8489689e+00
      2.5401354e-01  1.0269824e+00]
    [-3.5953322e-01 -3.2927961e+00 -1.7931811e+00 ... -1.4414297e-01
      9.1544586e-01  7.3193961e-01]
    ...
    [-3.5117826e-01 -6.3362515e-01 -8.0801111e-01 ...  1.6157477e-01
     -7.8745604e-01 -5.5991071e-03]
    [-5.6331819e-01  4.9559346e-01  1.2729794e+00 ...  2.3543754e-01
     -1.3663789e+00 -1.4064848e+00]
    [-3.2015249e-01  6.9358274e-02 -8.2257116e-01 ...  1.6856915e+00
      3.4072408e-01 -1.6960607e+00]]

   [[-1.2111428e+00 -1.0224522e+00  4.1985425e-01 ...  4.6120569e-02
      2.2426990e-01 -1.1250952e+00]
    [ 1.8154383e-01  3.4721375e-02 -1.5035452e-01 ... -4.9632183e-01
      1.0551759e-01 -1.0114377e+00]
    [ 8.2415801e-01  5.2047598e-01  1.7646196e+00 ... -2.1695781e+00
     -3.9335388e-01  3.9544755e-01]
    ...
    [ 6.6399628e-01 -7.9730374e-01  1.8197386e+00 ...  1.3879882e+00
     -4.6224940e-01  1.9960395e+00]
    [ 8.3559796e-02  2.2766972e+00  1.0753016e+00 ...  5.3391181e-02
     -9.9997759e-02 -7.7554458e-01]
    [ 1.0702622e-01  5.9965652e-01 -5.9195578e-01 ...  1.5016394e+00
      2.7136908e+00 -6.6363531e-01]]

   [[-2.0539126e+00  7.6216114e-01 -4.1472360e-01 ...  1.1930712e+00
     -1.6254852e+00 -4.2360992e+00]
    [ 1.8277676e-01  4.7084469e-01  1.8963175e+00 ... -7.9832727e-01
      1.4389795e+00 -8.7180614e-01]
    [ 1.5056878e+00  1.1189984e-01 -1.1072801e+00 ...  3.9293978e-01
      5.0799632e-01 -1.5541949e+00]
    ...
    [-2.0221903e+00  1.0945815e+00  8.2672900e-01 ...  8.3147991e-01
     -4.3125746e-01  2.2141780e-01]
    [-7.5802207e-01 -2.6078351e+00  5.5197096e-01 ... -1.6710504e+00
     -6.9859648e-01  5.7410645e-01]
    [-5.8329260e-01  1.1104350e+00  1.8093699e+00 ... -1.4085933e+00
     -1.2436497e+00 -4.0048665e-01]]]]]
	OpName : Ops.IDENTITY
	Original : [[[[ 2.0254727e-01 -1.4684907e+00 -6.2833911e-01 ... -4.6081811e-01
    -1.3431850e-01  3.5127735e-01]
   [-1.3566178e+00 -1.0914161e+00 -2.8088215e-01 ...  1.6021838e+00
    -8.6511064e-01  1.1130336e-01]
   [ 9.0880996e-01 -1.0913086e+00 -5.2742189e-01 ... -1.0396327e+00
    -1.4399284e-01 -9.5898226e-02]
   ...
   [ 1.4174195e-02 -1.8989390e+00 -7.6612067e-01 ... -3.6047646e-01
     7.0428669e-01 -6.2862068e-01]
   [-6.6742450e-01  9.2950130e-01 -7.6745039e-01 ...  1.6329051e+00
    -1.1221749e+00  5.9272766e-01]
   [ 1.5558654e+00 -2.3777099e-02 -7.9349267e-01 ... -5.0678259e-01
     5.7176870e-01  2.0769434e+00]]

  [[ 1.1439831e+00  1.1655582e+00 -2.6617405e-01 ...  2.0309938e-01
     8.8602740e-01  5.6356853e-01]
   [-1.0268364e+00 -2.7070796e-01 -1.2070298e+00 ...  1.0414295e+00
     3.9295077e-01 -2.0648291e+00]
   [-6.6201724e-02 -8.9158350e-01  8.6483026e-01 ...  1.6719870e-02
    -1.0435759e+00  3.5011658e-01]
   ...
   [ 1.3800101e+00 -8.9106023e-01 -2.7671814e-01 ... -9.2214215e-01
     7.2159261e-02  1.0549784e+00]
   [ 7.3238182e-01  1.5920223e+00  9.5936871e-01 ...  4.9962375e-02
     6.4293903e-01  1.2212929e+00]
   [ 1.6826898e+00 -5.9678990e-01  2.3527902e-02 ... -6.7985815e-01
     2.6614729e-01  1.9618098e+00]]

  [[-1.8492699e-01  2.0308180e-01  7.7779368e-02 ... -7.6194692e-01
     4.5017919e-01  3.1060922e-01]
   [ 5.4016000e-01  5.7202911e-01  1.3224592e+00 ... -1.1385205e+00
     3.1741723e-01 -1.3675094e+00]
   [-1.5302215e+00  1.2197864e+00 -1.3727902e+00 ...  8.1224096e-01
     1.6144185e-01 -6.3253057e-01]
   ...
   [-4.5597821e-01  2.0826018e+00 -2.5614944e-01 ... -1.6582980e+00
     2.7575362e-01 -9.7682029e-01]
   [ 1.2480801e+00 -1.9482372e+00 -2.1148548e-01 ... -3.7741736e-01
     1.4466307e-01 -2.8640044e-01]
   [-2.7867007e-01  2.0858972e+00  3.9723641e-01 ...  1.1828327e+00
    -1.6836816e+00 -1.5277965e-01]]]


 [[[ 4.9349362e-01 -5.3901774e-01  1.1356746e+00 ...  1.5776861e+00
    -4.2585251e-01 -1.3286928e+00]
   [-6.9270366e-01  7.3787314e-01  1.1325859e+00 ...  2.0249104e+00
    -1.4163494e+00  2.6602173e-01]
   [-6.5117186e-01  1.3856466e+00  1.1185408e+00 ...  2.3854972e-01
    -2.4152383e-01  1.6665761e-01]
   ...
   [-5.7373947e-01 -7.7446026e-01  7.9551888e-01 ...  4.7531945e-01
     6.9241726e-01  1.0644995e+00]
   [ 4.5795697e-01 -3.4173766e-01 -1.5036107e+00 ... -6.2301874e-01
    -3.2520609e+00  2.6410195e-01]
   [ 1.2490178e+00 -4.0133676e-01 -1.8722926e-01 ...  5.2592105e-01
    -8.6154246e-01 -1.3322486e+00]]

  [[ 8.3175862e-01  8.0905360e-01 -1.2100688e+00 ... -2.7940431e-01
    -1.5518657e+00 -8.3567786e-01]
   [-1.9156578e-01 -5.5603480e-01  1.0457952e+00 ...  6.4289950e-02
     1.3639873e+00  2.3062435e-01]
   [-2.2440979e+00  1.9023448e-01 -1.2412320e+00 ...  4.2085862e-01
    -4.6840328e-01 -1.3845549e+00]
   ...
   [-1.4588528e+00  3.6063188e-01  9.9924281e-02 ...  6.0792959e-01
     2.3201606e-01 -3.1520641e-01]
   [ 7.5462949e-01  7.8266793e-01 -2.8903258e-01 ...  1.0007010e+00
     8.0699736e-01  1.2552489e+00]
   [-1.9370836e+00 -1.2733430e-01 -1.5885079e-01 ...  1.1832875e+00
     9.8998553e-01 -8.1082547e-01]]

  [[ 6.6924137e-01  7.2789872e-01 -1.0215118e+00 ... -3.4319261e-01
     9.8507690e-01  6.3625032e-01]
   [-1.2242525e+00  8.4830749e-01  9.3082801e-02 ... -6.4678854e-01
    -6.5455312e-01  1.2091776e+00]
   [ 4.2877197e-01  4.5559818e-01  7.7198654e-01 ... -1.7408939e-01
    -1.0060037e-01  2.0476041e+00]
   ...
   [-1.0202246e+00 -2.3381257e+00 -5.8180684e-01 ...  8.0196500e-02
     1.8965870e+00  8.3095020e-01]
   [-7.5101143e-01  1.1559252e+00  1.6257447e+00 ...  4.1506672e-03
     1.1362654e+00 -9.4945228e-01]
   [ 1.8371341e+00  6.7253239e-02 -4.0224823e-01 ... -7.6345277e-01
    -2.2738421e-01 -1.2433364e+00]]]


 [[[ 1.3545020e+00 -6.6673100e-01  3.6917772e-02 ...  1.7159545e-01
    -4.9993956e-01  3.6498019e-01]
   [-1.1872896e+00  7.7802354e-01  1.3014402e+00 ...  1.8489689e+00
     2.5401354e-01  1.0269824e+00]
   [-3.5953322e-01 -3.2927961e+00 -1.7931811e+00 ... -1.4414297e-01
     9.1544586e-01  7.3193961e-01]
   ...
   [-3.5117826e-01 -6.3362515e-01 -8.0801111e-01 ...  1.6157477e-01
    -7.8745604e-01 -5.5991071e-03]
   [-5.6331819e-01  4.9559346e-01  1.2729794e+00 ...  2.3543754e-01
    -1.3663789e+00 -1.4064848e+00]
   [-3.2015249e-01  6.9358274e-02 -8.2257116e-01 ...  1.6856915e+00
     3.4072408e-01 -1.6960607e+00]]

  [[-1.2111428e+00 -1.0224522e+00  4.1985425e-01 ...  4.6120569e-02
     2.2426990e-01 -1.1250952e+00]
   [ 1.8154383e-01  3.4721375e-02 -1.5035452e-01 ... -4.9632183e-01
     1.0551759e-01 -1.0114377e+00]
   [ 8.2415801e-01  5.2047598e-01  1.7646196e+00 ... -2.1695781e+00
    -3.9335388e-01  3.9544755e-01]
   ...
   [ 6.6399628e-01 -7.9730374e-01  1.8197386e+00 ...  1.3879882e+00
    -4.6224940e-01  1.9960395e+00]
   [ 8.3559796e-02  2.2766972e+00  1.0753016e+00 ...  5.3391181e-02
    -9.9997759e-02 -7.7554458e-01]
   [ 1.0702622e-01  5.9965652e-01 -5.9195578e-01 ...  1.5016394e+00
     2.7136908e+00 -6.6363531e-01]]

  [[-2.0539126e+00  7.6216114e-01 -4.1472360e-01 ...  1.1930712e+00
    -1.6254852e+00 -4.2360992e+00]
   [ 1.8277676e-01  4.7084469e-01  1.8963175e+00 ... -7.9832727e-01
     1.4389795e+00 -8.7180614e-01]
   [ 1.5056878e+00  1.1189984e-01 -1.1072801e+00 ...  3.9293978e-01
     5.0799632e-01 -1.5541949e+00]
   ...
   [-2.0221903e+00  1.0945815e+00  8.2672900e-01 ...  8.3147991e-01
    -4.3125746e-01  2.2141780e-01]
   [-7.5802207e-01 -2.6078351e+00  5.5197096e-01 ... -1.6710504e+00
    -6.9859648e-01  5.7410645e-01]
   [-5.8329260e-01  1.1104350e+00  1.8093699e+00 ... -1.4085933e+00
    -1.2436497e+00 -4.0048665e-01]]]]
	Time : 0:00:00.335209
 }

---------------------------------------
Done injections
