Starting log at 2022-04-22 17:46:18.601296

{
	Count : 7
	Injected : [[[[[0.]
    [0.]
    [0.]
    ...
    [0.]
    [0.]
    [0.]]

   [[0.]
    [0.]
    [0.]
    ...
    [0.]
    [0.]
    [0.]]

   [[0.]
    [0.]
    [0.]
    ...
    [0.]
    [0.]
    [0.]]

   ...

   [[0.]
    [0.]
    [0.]
    ...
    [0.]
    [0.]
    [0.]]

   [[0.]
    [0.]
    [0.]
    ...
    [0.]
    [0.]
    [0.]]

   [[0.]
    [0.]
    [0.]
    ...
    [0.]
    [0.]
    [0.]]]]



 [[[[0.]
    [0.]
    [0.]
    ...
    [0.]
    [0.]
    [0.]]

   [[0.]
    [0.]
    [0.]
    ...
    [0.]
    [0.]
    [0.]]

   [[0.]
    [0.]
    [0.]
    ...
    [0.]
    [0.]
    [0.]]

   ...

   [[0.]
    [0.]
    [0.]
    ...
    [0.]
    [0.]
    [0.]]

   [[0.]
    [0.]
    [0.]
    ...
    [0.]
    [0.]
    [0.]]

   [[0.]
    [0.]
    [0.]
    ...
    [0.]
    [0.]
    [0.]]]]



 [[[[0.]
    [0.]
    [0.]
    ...
    [0.]
    [0.]
    [0.]]

   [[0.]
    [0.]
    [0.]
    ...
    [0.]
    [0.]
    [0.]]

   [[0.]
    [0.]
    [0.]
    ...
    [0.]
    [0.]
    [0.]]

   ...

   [[0.]
    [0.]
    [0.]
    ...
    [0.]
    [0.]
    [0.]]

   [[0.]
    [0.]
    [0.]
    ...
    [0.]
    [0.]
    [0.]]

   [[0.]
    [0.]
    [0.]
    ...
    [0.]
    [0.]
    [0.]]]]



 ...



 [[[[0.]
    [0.]
    [0.]
    ...
    [0.]
    [0.]
    [0.]]

   [[0.]
    [0.]
    [0.]
    ...
    [0.]
    [0.]
    [0.]]

   [[0.]
    [0.]
    [0.]
    ...
    [0.]
    [0.]
    [0.]]

   ...

   [[0.]
    [0.]
    [0.]
    ...
    [0.]
    [0.]
    [0.]]

   [[0.]
    [0.]
    [0.]
    ...
    [0.]
    [0.]
    [0.]]

   [[0.]
    [0.]
    [0.]
    ...
    [0.]
    [0.]
    [0.]]]]



 [[[[0.]
    [0.]
    [0.]
    ...
    [0.]
    [0.]
    [0.]]

   [[0.]
    [0.]
    [0.]
    ...
    [0.]
    [0.]
    [0.]]

   [[0.]
    [0.]
    [0.]
    ...
    [0.]
    [0.]
    [0.]]

   ...

   [[0.]
    [0.]
    [0.]
    ...
    [0.]
    [0.]
    [0.]]

   [[0.]
    [0.]
    [0.]
    ...
    [0.]
    [0.]
    [0.]]

   [[0.]
    [0.]
    [0.]
    ...
    [0.]
    [0.]
    [0.]]]]



 [[[[0.]
    [0.]
    [0.]
    ...
    [0.]
    [0.]
    [0.]]

   [[0.]
    [0.]
    [0.]
    ...
    [0.]
    [0.]
    [0.]]

   [[0.]
    [0.]
    [0.]
    ...
    [0.]
    [0.]
    [0.]]

   ...

   [[0.]
    [0.]
    [0.]
    ...
    [0.]
    [0.]
    [0.]]

   [[0.]
    [0.]
    [0.]
    ...
    [0.]
    [0.]
    [0.]]

   [[0.]
    [0.]
    [0.]
    ...
    [0.]
    [0.]
    [0.]]]]]
	OpName : Ops.RESHAPE
	Original : [[[[0.]
   [0.]
   [0.]
   ...
   [0.]
   [0.]
   [0.]]

  [[0.]
   [0.]
   [0.]
   ...
   [0.]
   [0.]
   [0.]]

  [[0.]
   [0.]
   [0.]
   ...
   [0.]
   [0.]
   [0.]]

  ...

  [[0.]
   [0.]
   [0.]
   ...
   [0.]
   [0.]
   [0.]]

  [[0.]
   [0.]
   [0.]
   ...
   [0.]
   [0.]
   [0.]]

  [[0.]
   [0.]
   [0.]
   ...
   [0.]
   [0.]
   [0.]]]


 [[[0.]
   [0.]
   [0.]
   ...
   [0.]
   [0.]
   [0.]]

  [[0.]
   [0.]
   [0.]
   ...
   [0.]
   [0.]
   [0.]]

  [[0.]
   [0.]
   [0.]
   ...
   [0.]
   [0.]
   [0.]]

  ...

  [[0.]
   [0.]
   [0.]
   ...
   [0.]
   [0.]
   [0.]]

  [[0.]
   [0.]
   [0.]
   ...
   [0.]
   [0.]
   [0.]]

  [[0.]
   [0.]
   [0.]
   ...
   [0.]
   [0.]
   [0.]]]


 [[[0.]
   [0.]
   [0.]
   ...
   [0.]
   [0.]
   [0.]]

  [[0.]
   [0.]
   [0.]
   ...
   [0.]
   [0.]
   [0.]]

  [[0.]
   [0.]
   [0.]
   ...
   [0.]
   [0.]
   [0.]]

  ...

  [[0.]
   [0.]
   [0.]
   ...
   [0.]
   [0.]
   [0.]]

  [[0.]
   [0.]
   [0.]
   ...
   [0.]
   [0.]
   [0.]]

  [[0.]
   [0.]
   [0.]
   ...
   [0.]
   [0.]
   [0.]]]


 ...


 [[[0.]
   [0.]
   [0.]
   ...
   [0.]
   [0.]
   [0.]]

  [[0.]
   [0.]
   [0.]
   ...
   [0.]
   [0.]
   [0.]]

  [[0.]
   [0.]
   [0.]
   ...
   [0.]
   [0.]
   [0.]]

  ...

  [[0.]
   [0.]
   [0.]
   ...
   [0.]
   [0.]
   [0.]]

  [[0.]
   [0.]
   [0.]
   ...
   [0.]
   [0.]
   [0.]]

  [[0.]
   [0.]
   [0.]
   ...
   [0.]
   [0.]
   [0.]]]


 [[[0.]
   [0.]
   [0.]
   ...
   [0.]
   [0.]
   [0.]]

  [[0.]
   [0.]
   [0.]
   ...
   [0.]
   [0.]
   [0.]]

  [[0.]
   [0.]
   [0.]
   ...
   [0.]
   [0.]
   [0.]]

  ...

  [[0.]
   [0.]
   [0.]
   ...
   [0.]
   [0.]
   [0.]]

  [[0.]
   [0.]
   [0.]
   ...
   [0.]
   [0.]
   [0.]]

  [[0.]
   [0.]
   [0.]
   ...
   [0.]
   [0.]
   [0.]]]


 [[[0.]
   [0.]
   [0.]
   ...
   [0.]
   [0.]
   [0.]]

  [[0.]
   [0.]
   [0.]
   ...
   [0.]
   [0.]
   [0.]]

  [[0.]
   [0.]
   [0.]
   ...
   [0.]
   [0.]
   [0.]]

  ...

  [[0.]
   [0.]
   [0.]
   ...
   [0.]
   [0.]
   [0.]]

  [[0.]
   [0.]
   [0.]
   ...
   [0.]
   [0.]
   [0.]]

  [[0.]
   [0.]
   [0.]
   ...
   [0.]
   [0.]
   [0.]]]]
	Time : 0:00:00.055049
 }
{
	Count : 16
	Injected : [-2.1054192e-01  6.4553604e+01  8.1931396e+03 -1.0247999e+03
  6.4613312e+01 -2.5630302e+00 -5.2428806e+05 -1.0485772e+06
  1.0485762e+06  9.6665497e+00  1.6181244e+01  1.9713445e+00
  5.1771450e-01 -2.0494988e+03 -1.0485762e+06  6.4347359e+01
  1.0264004e+03 -4.2325921e+00 -5.1287042e+02 -5.9987307e-01
  6.4674202e+01 -2.0487571e+03  4.5915833e+00  2.0482952e+03
  8.3850670e+00  3.3118744e+01 -2.6214447e+05 -2.8255298e+00
 -8.8158154e-01  5.3438358e-03 -5.1253833e+02 -5.1221527e+02
 -5.1290045e+02 -1.6384402e+04  2.0485168e+03 -1.6385463e+04
 -2.6358526e+00 -1.5001131e+00  5.2428856e+05 -1.6730927e+01
  5.2428844e+05  8.0712824e+00  1.2863863e+02  4.3956834e-01
  6.5536633e+04  5.1211157e+02 -3.2878973e-02 -5.7799311e+00
  5.2428806e+05 -3.0817060e+00 -2.0495205e+03 -3.2721336e+01
 -3.4483639e-04 -1.0073587e+00  5.2428931e+05 -2.6645437e-01
  8.3191359e-01 -1.0485768e+06  1.3022047e+02 -5.2428894e+05
  7.0870000e-01 -5.1265533e+02 -1.2881770e+02  2.5788480e+02
  3.2654509e-01 -2.5638409e+02  1.2880882e+02 -1.0485766e+06
  6.5536711e+04 -3.0872253e-01 -6.5536328e+04  6.4298965e+01
  6.5495020e-01  4.8257905e-01  4.9234828e-01 -9.1688786e+00
 -1.3709950e+00  8.5287580e+00  3.2036304e+01 -2.6214425e+05
  1.0250725e+03  7.3704010e-01 -3.3479607e+01 -2.5723309e+02
 -2.4836292e+00  4.3939319e+00 -1.2836862e+02 -1.7644394e+01
  4.7614458e-01  1.3972878e-01  1.3893086e-01 -5.1090723e-01
 -3.2769258e+04  9.8217225e-01 -1.6384139e+04 -1.6955942e+01
  1.0485764e+06  1.0485774e+06  5.9869939e-01  1.0245488e+03
  5.1951103e+00  8.1920293e+03 -7.0986652e-01  6.5537180e+04
 -1.0322227e+00  3.2893356e+01  1.6384928e+04  6.5536133e+04
 -5.6051743e-01 -6.3251382e-01 -1.9316256e-01 -3.2768176e+04
 -1.5512938e+00 -4.0961685e+03 -9.1210681e-01 -1.0240626e+03
  5.7368004e-01 -8.7702551e+00  6.3778889e-01  1.1029109e+00
  6.1966324e-01 -1.2821101e+02 -5.1298706e+02 -4.9107996e-01
  1.2906416e+02  2.5646466e+02  1.9969752e-01  1.3107280e+05
  1.1097329e+00  6.5537000e+04  2.0481150e+03  1.2134345e+00
  2.0166385e+00 -1.3107248e+05 -1.2805595e+02 -7.4202752e-01
  3.6675984e-01 -6.4798498e-01  6.8767828e-01  6.4460874e-01
 -5.2428825e+05  2.6214466e+05 -9.5865941e-01  8.1929053e+03
 -2.9140220e+00 -2.5722360e+02 -1.0895925e+00  4.0963086e+03
 -2.0488977e+03 -5.2428819e+05  8.7635660e+00 -4.0961084e+03
 -1.3783399e+00 -9.7491518e-03 -8.1926553e+03  1.0485774e+06
  6.5536430e+04  1.0248196e+03 -5.1253534e+02  1.3107292e+05
 -1.9695354e-01  1.0245309e+03 -5.2428806e+05 -6.5536859e+04
 -3.2768641e+04 -6.4813867e-02  2.0497949e+03 -2.0491157e+03
  5.1303027e+02 -1.2857564e+02  1.3028255e+02  6.5794563e+01
 -6.4218620e+01  1.5775673e+00 -6.1741811e-01  9.6575326e-01
 -3.6267057e-01  6.5536758e+04  1.3107355e+05  1.2968633e+02
  9.8283631e-01 -1.4598189e-01 -4.0520325e+00  1.9366844e-01
 -1.0485764e+06  8.1921533e+03 -3.3455786e-01  4.0975903e+03
 -6.5536938e+04 -4.9661866e-01  8.1924746e+03 -1.0485770e+06
  1.5218776e-01 -1.2891687e+02 -5.1274622e+02 -3.3391113e+01
 -3.2768910e+04  1.2124383e+00 -3.2353783e+01  1.6181958e+00
  5.1306281e+02  2.5696747e+02 -3.2896584e+01 -5.5636990e-01
 -1.0485781e+06 -8.1302509e+00 -4.0979619e+03 -1.7722383e+01
  1.2984232e+00 -8.2934828e+00 -1.5872441e-01  9.7503006e-01
  8.5220032e+00  2.5653510e+02 -4.0962129e+03  2.0481804e+03
 -3.2768402e+04 -6.5536586e+04  2.6214569e+05  1.2835756e-01
 -6.5523346e+01  5.2428956e+05  5.7732093e-01 -2.5290194e-01
 -1.3107219e+05 -1.2911365e+02  6.4358330e+01  8.1959158e-01
  8.3192956e-01  1.2874866e+02 -4.0967227e+03  1.4158705e+00
  8.9790322e-02  4.4554096e-01  1.1836202e+00 -2.5687967e+02
 -4.1044572e-01 -2.0481667e+03 -5.3870654e-01 -5.2428825e+05
  1.6227421e+01  2.6214434e+05 -2.5228813e-01 -2.5227466e-01
 -1.3107327e+05  4.0962822e+03 -1.0047198e-01  2.1653345e-01
  1.5437387e+00  2.3201306e-01  1.5189762e+00 -2.5493038e-01
  9.3747926e-01 -7.4029219e-01 -3.3903253e-01 -5.4219383e-01]
	OpName : Ops.IDENTITY
	Original : [-2.0956536e-01  5.5360210e-01  1.1398753e+00 -7.9996151e-01
  6.1330986e-01 -5.6303030e-01 -8.2952298e-02 -1.2457954e+00
  2.7698225e-01  1.6665500e+00  1.8124448e-01  1.8463445e+00
  5.4896450e-01 -1.4988047e+00 -2.4663869e-01  3.4735647e-01
  2.4004128e+00 -2.3259191e-01 -8.7041718e-01 -6.0084963e-01
  6.7420191e-01 -7.5702059e-01  5.9158337e-01  2.9506367e-01
  3.8506722e-01  1.1187456e+00 -4.8427781e-01 -8.2552975e-01
 -9.1283154e-01  2.0968836e-02 -5.3833699e-01 -2.1530050e-01
 -9.0046978e-01 -4.0165895e-01  5.1693207e-01 -1.4626961e+00
 -2.1358526e+00 -1.5079256e+00  5.4131877e-01 -7.3092663e-01
  4.5373720e-01  7.1282715e-02  6.3861972e-01  4.7081834e-01
  6.3450688e-01  1.1160059e-01 -3.4832098e-02 -1.7799309e+00
  6.2252011e-02 -1.0817059e+00 -1.5206090e+00 -7.2133482e-01
 -2.2979614e-03 -1.0151712e+00  1.3135067e+00 -2.6840749e-01
  8.1628859e-01 -7.4416178e-01  2.2204731e+00 -9.3207681e-01
  7.0479375e-01 -6.5533298e-01 -8.1770247e-01  1.8847913e+00
  3.2752165e-01 -3.8409942e-01  8.0882853e-01 -6.5677917e-01
  7.1050966e-01 -5.8722518e-02 -3.2541850e-01  2.9896879e-01
  6.5592676e-01  9.8257905e-01  4.7672328e-01 -1.1688782e+00
 -1.3700185e+00  5.2875829e-01  3.6306176e-02 -2.6470348e-01
  1.0724890e+00  7.4485260e-01 -1.4796047e+00 -1.2331005e+00
 -4.8362920e-01  3.9393166e-01 -3.6862564e-01 -1.6443949e+00
  4.8395708e-01  1.3777566e-01  1.5455586e-01 -6.3590723e-01
 -1.2568914e+00  9.8412538e-01 -1.3875270e-01 -9.5594221e-01
  3.1604633e-01  1.4085667e+00  5.6744939e-01  5.4888195e-01
  1.1951102e+00  2.9755097e-02 -7.1767902e-01  1.1774955e+00
 -1.0009727e+00  8.9335567e-01  9.2780203e-01  1.3143338e-01
 -1.5605174e+00 -6.3056070e-01 -6.8162560e-02 -1.7771782e-01
 -1.0512938e+00 -1.6869450e-01 -9.1405994e-01 -6.2584229e-02
  7.3680036e-02 -7.7025503e-01  8.8778889e-01  1.3529109e+00
  1.1966323e-01 -2.1101126e-01 -9.8703325e-01 -4.8717371e-01
  1.0641663e+00  4.6466193e-01  7.4697524e-02  7.9606432e-01
  1.1136391e+00  9.9610966e-01  1.1496617e-01  1.2114813e+00
  2.1416385e+00 -4.7820207e-01 -5.5957779e-02 -2.7420275e+00
  3.7457234e-01 -6.4700842e-01  1.8767828e-01  6.7585874e-01
 -2.7790922e-01  6.7121816e-01 -9.6647191e-01  9.0508354e-01
 -9.1402203e-01 -1.2235895e+00 -1.0876393e+00  3.0850887e-01
 -8.9758569e-01 -1.9234808e-01  7.6356596e-01 -1.0839536e-01
 -1.3822461e+00 -1.1702277e-02 -6.5558314e-01  1.4121782e+00
  4.2949933e-01  8.1955665e-01 -5.3536433e-01  9.1628546e-01
 -1.1969535e+00  5.3088444e-01 -4.6303589e-02 -8.5628515e-01
 -6.3996708e-01 -1.8981387e-01  1.7950388e+00 -1.1158234e+00
  1.0302688e+00 -5.7563227e-01  2.2825420e+00  1.7945652e+00
 -2.1861672e-01  1.0775673e+00 -6.0960561e-01  9.6770638e-01
 -4.8767057e-01  7.5497347e-01  1.5517896e+00  1.6863314e+00
  4.8283631e-01 -1.4207564e-01 -5.2032482e-02  6.8668440e-02
 -3.9645821e-01  1.5338702e-01 -3.3065161e-01  1.5903856e+00
 -9.3597299e-01 -3.7161866e-01  4.7495186e-01 -1.0210413e+00
  4.0218776e-01 -9.1687584e-01 -7.4619049e-01 -1.3911151e+00
 -9.1112316e-01  1.7124383e+00 -3.5378388e-01  1.6103833e+00
  1.0627756e+00  9.6747082e-01 -8.9658272e-01 -6.1886990e-01
 -2.1778305e+00 -1.3025129e-01 -1.9616992e+00 -1.7223835e+00
  1.2974466e+00 -2.9348269e-01 -1.5677129e-01  9.7112381e-01
  5.2200300e-01  5.3511047e-01 -2.1309413e-01  1.8043239e-01
 -4.0077808e-01 -5.8364189e-01  1.6737090e+00  1.9085756e-01
 -1.5233457e+00  1.5502448e+00  5.9294593e-01 -3.1540194e-01
 -1.9322555e-01 -1.1136501e+00  3.5833150e-01  8.1861502e-01
  8.1630456e-01  7.4865705e-01 -7.2247422e-01  1.3846205e+00
  7.4165322e-02  1.9554095e-01  1.1523702e+00 -8.7966406e-01
 -2.8544572e-01 -1.6669708e-01 -1.5387065e+00 -2.5509003e-01
  2.2742079e-01  3.3809191e-01 -3.7728813e-01 -2.6789966e-01
 -1.2679991e+00  2.8220972e-01 -1.0047198e-01  2.1653345e-01
  1.5437387e+00  2.3201306e-01  1.5189762e+00 -2.5493038e-01
  9.3747926e-01 -7.4029219e-01 -3.3903253e-01 -5.4219383e-01]
	Time : 0:00:00.308123
 }

---------------------------------------
Done injections
