Starting log at 2022-05-07 18:36:51.497945

{
	Count : 3
	Injected : [ 6.55364844e+04 -7.85875738e-01  4.09680273e+03  4.29008067e-01
  8.52108288e+00 -9.28511047e+00 -2.04833667e+03 -3.25055428e+01
  3.26739197e+01 -1.60260048e+01  1.02461779e+00 -1.31694114e+00
 -9.08482730e-01  1.02542883e+03  3.24824524e+01  8.19326562e+03
 -2.04850562e+03  3.21805840e+01  1.07471561e+00  8.19200879e+03
 -5.02667129e-01 -5.24288625e+05  3.27694688e+04  1.21960461e+00
  1.63843418e+04  1.31072438e+05 -5.24289188e+05 -5.03314257e+00
  3.08845282e-01 -1.41400933e+00 -6.55365859e+04 -6.53930740e+01
 -1.63850430e+04 -2.73510695e-01 -6.27308130e-01 -3.57943773e-01
  6.56773605e+01  2.62146125e+05 -2.62144062e+05 -4.68987608e+00
 -3.27693906e+04  9.05987561e-01  6.55374219e+04 -1.04857688e+06
 -3.15798104e-01 -1.31072797e+05 -1.63847246e+04  2.62145219e+05
 -1.22062242e+00  3.32136497e+01 -6.47911911e+01 -2.24523276e-01
 -3.01773405e+00 -2.54055238e+00 -1.28408081e+02  1.70349731e+01
  1.81773007e-02 -1.31072109e+05  2.62144125e+05 -4.89790440e-01
 -5.12278992e+02 -3.17711681e-01 -5.24194688e-02  5.07137632e+00
 -1.67782271e+00  1.17976999e+00 -2.15197897e+00  1.91917348e+00
 -4.09666699e+03  6.15684807e-01 -2.62144219e+05 -8.31712425e-01
 -4.09701660e+03  1.24672151e+00  1.63840391e+04 -1.99062908e+00
  1.02539258e+03  1.28584976e+02  1.08697891e-01  3.26587181e+01
 -4.09635986e+03  2.27419472e+00 -7.01423466e-01 -1.63858926e+04
 -1.31072703e+05 -9.85364854e-01  1.31073484e+05 -4.66336578e-01
  4.09608203e+03  3.27694336e+04 -8.19232031e+03 -3.85191947e-01
  1.31072312e+05  4.23544216e+00  1.29385471e+00 -6.55369609e+04
  3.22067642e+01 -2.62144312e+05 -1.48841000e+00 -1.38683468e-01
 -5.83134532e-01 -1.30433404e+00  1.23691535e+00  1.04857625e+06
  3.27683320e+04  2.00367451e-01 -1.02464954e+03 -5.25123978e+00
 -9.39049661e-01  7.08544850e-01  1.04857688e+06  6.47806244e+01
 -3.76220644e-01 -5.12583496e+02  1.02458398e+03 -2.56173706e+02
  6.55363750e+04 -3.79384756e-01 -3.27685117e+04 -1.04857625e+06
 -8.37134540e-01  2.84609526e-01  1.89640164e+00 -5.12031555e+02
 -2.04955347e+03 -2.05035645e+03 -1.14633501e+00 -5.12176086e+02
  8.19285742e+03  2.56282654e+02 -4.09830566e+03  5.01319587e-01
  1.03706646e+00 -1.63855488e+04  3.24087977e-01  2.57210052e+02
 -2.62144000e+05 -8.19295703e+03 -3.27685508e+04  1.28008743e+02
 -4.22575295e-01 -2.91894627e+00  1.63852324e+04  4.09651416e+03
  5.71432561e-02  2.16153312e+00 -2.56480591e+02 -8.30243492e+00
 -3.35426826e+01 -3.27696133e+04  5.68196177e-01  1.50118804e+00
  5.24288188e+05  2.63016057e+00  2.50743341e+00  1.29758209e+02
 -1.63842539e+04  8.04400349e+00 -7.87028074e-01 -2.04113036e-01
  5.24289125e+05 -3.54566008e-01 -4.09644629e+03  5.12590759e+02
 -8.19290332e+03 -8.06966543e-01  4.09727930e+03 -1.13184011e+00
  2.20115757e+00 -1.11492229e+00 -2.04808740e+03  1.69201946e+00
  5.12644104e+02 -1.45734024e+00  6.55373203e+04  3.27688516e+04
  2.87232369e-01 -1.80113745e+00 -4.09691211e+03  4.09720752e+03
  8.19325586e+03  2.57811546e-01 -2.33588457e+00 -6.40337677e+01
  4.70961392e-01  2.08449125e+00  2.04809058e+03  1.56169191e-01
 -1.42338061e+00  3.30888786e+01 -3.49754870e-01  1.96435437e-01
  6.55360234e+04  2.04885083e+03  8.19308496e+03 -3.27691641e+04
  4.09693652e+03 -6.55360703e+04 -8.19280762e+03 -3.27683086e+04
 -2.04940991e+03 -2.86725819e-01  6.44580007e-01 -3.50640602e-02
  1.92562148e-01  1.10995665e-01  3.46936524e-01 -4.82617283e+00
  3.34954560e-01  7.94253707e-01 -5.24288875e+05  6.55380000e+04
 -1.42638361e+00  5.76081276e-01  1.88568306e+00  1.04857612e+06
  1.84641814e+00  6.55370391e+04  8.28476101e-02  9.47926998e-01
 -2.09692287e+00 -2.04963232e+03 -9.44741964e-01  9.13656521e+00
 -3.47307129e+01  1.62119770e+01 -6.42435312e+00 -1.67856255e+01
  8.00395775e+00 -6.44023972e+01  1.44166279e+00 -8.30727673e+00
 -6.55362500e+04 -1.63843027e+04  1.04857650e+06  1.28351608e+02
 -4.28029823e+00 -1.04857725e+06 -2.62144562e+05 -1.25635669e-01
 -1.20671546e+00 -1.31072469e+05  1.67940636e+01 -2.27181840e+00
  2.04833105e+03  4.29570293e+00  1.39430678e+00 -1.79290757e-01
  3.75660270e-01  8.10891509e-01 -3.12737562e-02  2.39422947e-01
  3.42847705e-02 -7.51464844e-01  4.17593718e-01 -1.88034451e+00]
	OpName : Ops.IDENTITY
	Original : [ 4.83390599e-01 -8.48375738e-01  8.02667320e-01  4.25101817e-01
  5.21082699e-01 -1.28511095e+00 -3.36596340e-01 -5.05541682e-01
  6.73919082e-01 -2.60041207e-02  1.08711779e+00 -1.33256614e+00
 -7.83482730e-01  1.42887712e+00  4.82452661e-01  1.26610231e+00
 -5.05653858e-01  1.80584997e-01  1.07080936e+00  8.71347077e-03
 -5.65167129e-01 -6.35216475e-01  1.46764529e+00  1.22058117e+00
  3.42355132e-01  4.32404459e-01 -1.20647156e+00 -1.03314257e+00
  3.01032782e-01 -1.42963433e+00 -5.82308233e-01 -1.39307606e+00
 -1.04372227e+00 -1.27351069e+00 -5.02308130e-01 -3.55990648e-01
  1.67735767e+00  2.13062906e+00 -5.14124930e-02 -6.89875960e-01
 -1.39048171e+00  6.55987561e-01  1.42023683e+00 -9.00180459e-01
 -3.14821541e-01 -8.04654121e-01 -7.23827720e-01  1.22871947e+00
 -1.09562242e+00  1.21364808e+00 -7.91194022e-01 -9.95232761e-02
 -1.01773405e+00 -5.40552318e-01 -4.08076584e-01  1.03497386e+00
  2.55230092e-03 -1.08587839e-01  1.23110875e-01 -4.74165440e-01
 -2.78984636e-01 -4.42711681e-01 -1.77419469e-01  1.07137644e+00
 -6.77822709e-01  1.18367624e+00 -2.13635397e+00  9.19173419e-01
 -6.67197108e-01  5.84434807e-01 -2.12654024e-01 -9.56712425e-01
 -1.01660585e+00  1.18422151e+00  3.90614383e-02 -1.86562908e+00
  1.39256585e+00  5.84974051e-01  1.10869789e+00  6.58719063e-01
 -3.59656304e-01  2.39919472e+00 -7.32673466e-01 -1.89202869e+00
 -7.00183570e-01 -9.22864854e-01  1.48210752e+00 -4.58524078e-01
  8.21778923e-02  1.43469048e+00 -3.20732772e-01 -3.77379447e-01
  3.13349038e-01  2.35442281e-01  1.29483128e+00 -9.60751355e-01
  2.06764147e-01 -3.19274783e-01 -1.23841000e+00 -1.69933468e-01
 -1.58313453e+00 -3.04334015e-01  1.23496222e+00  2.06810564e-01
  3.31655025e-01  1.92554951e-01 -6.49570823e-01 -1.25123978e+00
 -8.14049661e-01  5.83544850e-01  8.76756251e-01  7.80621469e-01
 -1.26220644e-01 -5.83515942e-01  5.83942771e-01 -1.73712745e-01
  3.78053129e-01 -3.80361319e-01 -5.10462880e-01 -2.81881899e-01
 -8.68384540e-01  3.00234526e-01  1.89835477e+00 -3.15699503e-02
 -1.55340016e+00 -2.35637259e+00 -1.14535844e+00 -1.76073000e-01
  8.57345223e-01  2.82638699e-01 -2.30551004e+00  5.32569587e-01
  1.04487896e+00 -1.54855037e+00  3.27994227e-01  1.21006751e+00
 -2.39155488e-04 -9.57145631e-01 -5.51853955e-01  8.73791054e-03
 -4.06950295e-01 -2.91504002e+00  1.23282933e+00  5.14023542e-01
  1.19643256e-01  2.13028312e+00 -4.80587900e-01 -3.02435219e-01
 -1.54268181e+00 -1.61226606e+00  5.05696177e-01  5.01188099e-01
  1.97938919e-01  2.13016057e+00  5.07433534e-01  1.75820768e+00
 -2.53909498e-01  4.40034643e-02 -7.55778074e-01 -4.54113036e-01
  1.14819980e+00 -3.52612883e-01 -4.46456224e-01  5.90762436e-01
 -9.02983308e-01 -9.31966543e-01  1.27953994e+00 -1.31840065e-01
  2.20311069e+00 -1.14922300e-01 -8.74625221e-02  1.69299603e+00
  6.44083798e-01 -1.46515274e+00  1.31825280e+00  8.51853967e-01
  2.83326119e-01 -8.01137507e-01 -9.11870301e-01  1.20757842e+00
  1.25542879e+00  1.25781155e+00 -3.35884452e-01 -3.37709114e-02
  4.78773892e-01  2.08058500e+00  9.04935226e-02  1.87419191e-01
 -4.23380554e-01  1.08887708e+00 -8.49754870e-01  7.14354366e-02
  2.00962033e-02  8.50715697e-01  1.08522642e+00 -1.16462553e+00
  9.36323762e-01 -6.90135509e-02 -8.07859600e-01 -3.07626843e-01
 -1.40982604e+00 -3.67258303e-02  6.46533132e-01 -3.31109352e-02
  1.94515273e-01  4.84956652e-02  3.15686524e-01 -8.26172709e-01
  8.49545673e-02  7.96206832e-01 -8.76478195e-01  2.00043535e+00
 -4.26383644e-01  5.68268776e-01  1.91693306e+00  1.60568208e-01
  1.85032439e+00  1.03769016e+00  6.72226101e-02  9.79176998e-01
 -9.69227701e-02 -1.63220656e+00 -9.40835714e-01  1.13656521e+00
 -2.73071194e+00  2.11976171e-01 -2.42435312e+00 -7.85625458e-01
  3.95812094e-03 -4.02399421e-01  1.44361591e+00 -3.07277173e-01
 -2.50001222e-01 -3.02888125e-01  4.62675363e-01  3.51610869e-01
 -2.80298054e-01 -1.28740120e+00 -5.61989129e-01 -6.35675620e-04
 -1.08171546e+00 -4.73620355e-01  7.94064105e-01 -2.71818399e-01
  3.31059963e-01  2.95702994e-01  1.39430678e+00 -1.79290757e-01
  3.75660270e-01  8.10891509e-01 -3.12737562e-02  2.39422947e-01
  3.42847705e-02 -7.51464844e-01  4.17593718e-01 -1.88034451e+00]
	Time : 0:00:00.133825
 }

---------------------------------------
Done injections
