Starting log at 2022-04-20 18:46:38.888511

{
	Count : 4
	Injected : [-2.10729885e+00 -1.63841133e+04 -1.11020815e+00 -9.87230688e-02
 -9.80348364e-02 -1.02410913e+03 -1.31072109e+05 -6.13081336e-01
 -1.31072109e+05 -1.07891843e-01 -1.22152515e-01 -6.10476017e-01
 -1.04857612e+06 -1.02409741e+03 -1.63841016e+04 -1.04857612e+06
 -2.56109467e+02 -1.15168698e-01 -7.51403123e-02 -8.19211328e+03
 -1.31072109e+05 -1.31072109e+05 -1.12238012e-01 -1.28103134e+02
 -1.63841094e+04 -6.55361094e+04 -9.47651789e-02 -1.63841094e+04
 -4.41659242e-02 -1.04857612e+06 -8.32681283e-02 -1.16657205e-01
 -8.19211328e+03 -8.10834885e+00 -1.20134272e-01 -2.37951815e-01
 -1.02411047e+03 -3.27680938e+04 -1.04857612e+06 -1.09718692e+00
 -8.09746265e+00 -5.24288125e+05 -1.60883293e+01 -1.01259530e-01
 -5.83087742e-01 -3.71844694e-02 -8.42230022e-02 -1.61005745e+01
 -1.05511904e-01 -6.55361094e+04 -1.02470160e-01 -8.46108869e-02
 -2.62144094e+05 -6.09733462e-01 -3.27681055e+04 -3.27681055e+04
 -1.04857612e+06 -1.11137867e+00 -5.24288125e+05 -1.61104317e+01
 -9.82560441e-02 -1.20425791e-01 -1.02660224e-01 -4.96062413e-02
 -5.24288062e+05 -1.63840645e+04 -1.23883739e-01 -1.24837019e-01
 -4.09606787e+03 -3.05407703e-01 -5.86668029e-02 -2.56059814e+02
 -4.07489634e+00 -5.24288062e+05 -3.18173319e-03 -8.19206445e+03
 -3.20555267e+01 -1.04857612e+06 -5.24288062e+05 -6.55360859e+04
 -3.27681055e+04 -2.56109589e+02 -1.10704863e+00 -1.31072109e+05
 -4.09611182e+03 -1.10011026e-01 -4.09610742e+03 -1.12780534e-01
 -6.05435669e-01 -2.07052398e-02 -2.62144062e+05 -3.20554123e+01
 -1.28067184e+02 -3.00644606e-01 -2.32397467e-02 -8.02230072e+00
 -2.62144062e+05 -1.02406458e+03 -2.56092651e+02 -2.03241825e-01
 -1.12268992e-01 -8.08518219e+00 -3.20719795e+01 -1.60709381e+01
 -5.12063721e+02 -8.19207227e+03 -1.91448897e-01 -6.40672302e+01
 -7.19811991e-02 -1.60979443e+01 -3.27681055e+04 -3.27681055e+04
 -4.09610840e+03 -6.41046219e+01 -2.56102203e+02 -6.98971078e-02
 -1.31072078e+05 -1.04857600e+06 -6.40621109e+01 -5.62309101e-02
 -3.25517088e-01 -9.13529843e-02 -5.75625710e-02 -1.02409009e+03
 -1.28037766e+02 -1.05008566e+00 -2.05474687e+00 -5.12043884e+02
 -5.24288062e+05 -1.02404773e+03 -1.77307546e-01 -4.03714705e+00
 -1.04444265e+00 -2.62144062e+05 -5.66107213e-01 -8.07577610e+00
 -5.62159896e-01 -2.04806616e+03 -1.04857612e+06 -1.02410974e+03
 -1.31072109e+05 -1.28104980e+02 -1.04857612e+06 -3.20889473e+01
 -4.09606299e+03 -1.63840527e+04 -2.04805200e+03 -1.04857612e+06
 -1.75457336e-02 -6.40754013e+01 -5.61947711e-02 -8.19201562e+03
 -8.47785026e-02 -1.83958411e-02 -1.02121627e+00 -2.94139832e-02
 -2.01214194e+00  1.77693553e-02 -5.12024719e+02 -5.12013184e+02
 -1.03188312e+00 -5.24288062e+05 -3.20512276e+01 -2.86475211e-01
 -4.09606787e+03 -2.04806592e+03 -8.08160210e+00 -2.10308313e+00
 -5.24288125e+05 -6.41053772e+01 -1.04857612e+06 -1.63840664e+04
 -8.19206445e+03 -1.63840508e+04 -1.28073685e+02 -1.69057906e-01
 -8.06864452e+00 -1.11866325e-01 -6.40223389e+01 -2.62144031e+05
  5.24288000e+05  1.63840117e+04  2.56011993e+02 -2.56002563e+02
 -1.01383865e+00 -3.27680117e+04 -1.01927698e+00 -1.26972705e-01
 -2.04804004e+03 -2.41828132e-02 -1.02403796e+03 -5.12073608e+02
 -5.24288062e+05 -6.40701218e+01 -5.12066284e+02 -2.62144094e+05
 -1.24958389e-01 -4.09482241e+00 -1.09683108e+00 -6.40643311e+01
 -2.05972171e+00 -4.96361181e-02 -1.11353904e-01 -5.94797991e-02
 -1.18826199e-02 -5.12777448e-01 -1.31072031e+05  8.00253391e+00
 -5.12020996e+02  8.11530743e-03  5.24288000e+05  2.04802148e+03
 -8.19202734e+03  2.04801196e+03  1.63840156e+04 -1.02373767e+00
 -2.01043963e+00 -1.04857600e+06 -3.26204039e-02 -5.12052246e+02
 -3.17535490e-01 -2.04806616e+03 -4.09606738e+03 -3.27681055e+04
 -1.22267067e-01 -2.62144094e+05 -2.56093506e+02 -1.02407336e+03
 -7.62709752e-02 -5.24288062e+05 -3.03674519e-01 -1.07123291e+00
 -8.03972340e+00 -5.24288000e+05 -6.40154190e+01  1.63840156e+04
  2.01895809e+00 -6.40236359e+01  4.00185347e+00 -8.84092599e-03
 -1.63840039e+04 -2.00661922e+00  8.19202246e+03  5.12004211e+02
 -8.17676559e-02 -3.20223312e+01 -1.31072031e+05 -8.05336094e+00
 -4.08019543e+00 -6.55360625e+04 -8.19207520e+03 -1.79115325e-01
 -1.63841016e+04 -3.20948257e+01 -8.19206445e+03 -1.79026276e-02
 -1.02405798e+03 -5.70764780e-01 -1.63840371e+04 -1.60355988e+01
 -4.01236820e+00 -3.20077629e+01  1.02401257e+03 -1.22966468e-02
 -1.31072016e+05 -2.03613853e+00 -5.19592106e-01 -6.40195084e+01
 -3.62805314e-02 -2.00309420e+00 -1.00538027e+00 -2.00877476e+00
 -5.21329105e-01 -8.19200586e+03 -2.60852635e-01 -3.27680664e+04
 -5.24288062e+05 -8.19205762e+03 -1.60705662e+01 -1.02408057e+03
 -1.14505775e-01 -4.29702252e-02 -8.08305740e+00 -1.87556684e-01
 -2.06002641e+00 -3.20609741e+01 -3.27680273e+04 -8.93212482e-03
 -1.39828861e-01 -2.04801270e+03  1.04857600e+06 -1.02582067e-01
 -1.31072031e+05 -4.09604004e+03 -1.31072016e+05 -8.00784206e+00
 -1.43345922e-01 -8.19200977e+03  2.42839847e-02  1.01321530e+00
 -6.41967133e-02 -8.19201758e+03 -8.30865726e-02 -9.75811630e-02
 -9.66323614e-02 -6.89425692e-02 -1.28068985e+02 -1.63840996e+04
 -1.31072109e+05 -1.02410498e+03 -1.60775967e+01 -6.96925074e-02
 -2.62144062e+05 -2.03782940e+00 -9.32691395e-02 -1.31072016e+05
 -1.31072016e+05 -1.04857600e+06 -5.12007263e+02 -3.18239033e-02
 -1.04857600e+06 -1.63840293e+04 -2.03829145e+00 -5.29222131e-01
 -2.56003662e+02  6.55360078e+04 -7.32808001e-03 -1.31072016e+05
 -1.00722444e+00 -8.02006626e+00 -5.05913123e-02 -3.99338491e-02
 -1.28063126e+02 -8.19207715e+03 -6.40761948e+01 -5.12112000e+02
 -5.24288125e+05 -9.52194631e-02 -6.40790710e+01 -8.19206641e+03
 -1.31072062e+05 -2.04806201e+03 -5.12024902e+02 -5.12017761e+02
 -6.40161896e+01 -2.04801147e+03 -3.30522284e-02 -1.02180243e+00
 -1.02402344e+03 -1.28027710e+02 -5.12017822e+02 -3.46122757e-02
  1.31072031e+05 -5.13444662e-01  6.55360156e+04 -4.09601514e+03
 -5.13547301e-01 -5.12043701e+02 -3.20162621e+01 -1.04857600e+06
 -5.41492626e-02 -1.31072047e+05 -3.27680859e+04 -8.10617256e+00
 -1.61120930e+01 -2.62144094e+05 -1.05959570e+00 -2.56076416e+02
 -1.06392443e+00 -2.96287566e-01 -4.17243019e-02 -2.57342517e-01
 -2.77132802e-02 -5.08168817e-01 -3.27680078e+04 -1.01348138e+00
 -6.55360078e+04 -3.27680117e+04 -2.56003937e+02 -8.01256847e+00
  1.60131664e+01  1.36419445e-01 -6.84887022e-02 -1.29792839e-02
 -4.01564837e+00 -1.38593158e-02 -4.09603955e+03 -1.24017894e-03
 -7.64396712e-02 -6.40773621e+01 -2.62144094e+05 -1.02410400e+03
 -5.97771406e-01 -8.19210449e+03 -4.09726191e+00 -1.28070084e+02
 -2.56064911e+02 -1.31072047e+05 -2.02416325e+00 -1.02401172e+03
 -1.63840098e+04 -1.25782385e-01 -1.91618071e-03 -3.20264244e+01
 -6.55360078e+04 -3.27680273e+04  2.40920540e-02  1.28001404e+02
  8.00358486e+00  5.12017212e+02  3.27680117e+04  1.26261730e-03
 -1.58547327e-01 -3.25068720e-02 -4.01199386e-02 -6.40496902e+01
 -1.31072047e+05 -6.24792241e-02 -2.04806909e+03 -6.40955276e+01
 -1.61019592e+01 -4.10698366e+00 -8.30041319e-02 -4.22033593e-02
 -8.19205273e+03 -2.56032257e+02 -7.40549620e-03 -1.48083083e-03
  9.53710731e-03 -1.04857600e+06 -2.34331917e-02 -1.31072016e+05
 -1.60108032e+01 -1.01018703e+00 -8.01578426e+00  1.63840059e+04
 -1.83419939e-02  1.33925259e-01  2.62144031e+05  5.12014282e+02
 -2.62144000e+05 -1.63840137e+04 -8.19203613e+03 -1.17753074e-01
 -4.09605713e+03 -6.35847449e-02 -2.04807593e+03 -1.02410803e+03
 -1.02410669e+03 -3.21114082e+01 -3.23307037e-01 -3.13936055e-01
 -1.04960978e+00 -4.03124666e+00 -3.20204887e+01 -2.98081338e-02
 -2.63370778e-02  3.20008507e+01 -3.20062370e+01 -2.01581860e+00
 -4.09600342e+03  6.40005722e+01 -4.09601025e+03 -2.02312994e+00
 -1.64096244e-02 -1.76241621e-04 -8.19200781e+03 -1.63840098e+04
 -2.60966212e-01 -2.54482001e-01 -3.27680586e+04 -1.60555553e+01
 -3.27680625e+04 -6.40721970e+01 -8.89264122e-02 -3.54420841e-01
 -8.11872673e+00 -9.45480466e-02 -1.02407751e+03 -1.60546799e+01
 -1.31072062e+05 -8.19202734e+03 -3.27680312e+04 -1.31072000e+05
 -4.76689190e-02  7.20902830e-02  2.63926238e-01  5.12002563e+02
 -1.60175171e+01 -1.17173009e-02 -3.27680195e+04 -6.40259171e+01
 -4.09600732e+03  2.56008972e+02  2.04801221e+03  5.24288000e+05
 -2.04801294e+03 -6.09916672e-02 -1.04857600e+06 -1.28050766e+02
 -5.24288062e+05 -7.12508708e-03 -1.63840723e+04 -1.61189671e+01
 -1.09675370e-01 -1.04721762e-01 -4.07382298e+00 -8.19206543e+03
 -1.63840625e+04 -3.86095643e-02 -6.55360312e+04  1.25160307e-01
 -2.01115012e+00 -3.36004309e-02 -5.24288000e+05 -2.01061273e+00
  1.00902271e+00 -1.28018311e+02 -2.00471163e+00 -2.53306478e-01
 -6.55360078e+04  1.01368225e+00  1.29935250e-01  2.04800830e+03
 -1.28014282e+02 -2.62144000e+05 -7.11003225e-03 -8.03912449e+00
 -9.23047215e-03 -5.24288062e+05 -5.62943041e-01 -2.11139822e+00
 -5.24288125e+05 -2.62144094e+05 -2.62144062e+05 -2.56057617e+02
 -6.55360547e+04 -8.19204004e+03 -2.04802832e+03  5.07834792e-01
  3.27680000e+04 -1.07551469e-02  4.94273603e-02 -4.33999188e-02
 -1.60000305e+01  4.09601709e+03 -1.04857600e+06 -2.82860160e-01
 -1.04857600e+06  6.50431290e-02 -3.20039368e+01 -5.24288000e+05
 -3.56002450e-02 -4.04314280e+00 -5.02406396e-02 -1.31072062e+05
 -2.04806299e+03 -5.13033211e-01 -2.56072327e+02 -6.40992737e+01
 -4.09610400e+03 -7.45882615e-02 -8.08002663e+00 -4.05536652e+00
 -3.20533257e+01 -3.20427628e+01 -1.01431882e+00  1.02400342e+03
 -1.31072000e+05 -2.00255036e+00 -2.27435492e-03 -8.19200488e+03
 -2.04800415e+03 -8.19201562e+03 -2.00868082e+00 -5.11188805e-01
 -1.28002823e+02 -2.56011230e+02 -3.89615893e-02 -3.30169722e-02
 -5.12036499e+02 -2.98710585e-01 -2.06023380e-01 -6.00719564e-02
 -5.40750474e-03 -4.06057358e+00 -5.24288125e+05 -5.24288125e+05
 -5.24288125e+05 -5.12104004e+02 -1.02408655e+03 -1.05905497e+00
 -1.02405969e+03 -2.56039307e+02 -2.56016113e+02 -2.85134986e-02
 -1.28011353e+02 -5.24288000e+05  1.83417480e-02 -1.63840020e+04
 -1.31072000e+05 -5.12020569e+02  3.27680078e+04  1.00207031e+00
 -4.02074575e+00 -3.20154572e+01 -3.20093765e+01 -1.41066834e-02
 -1.04857600e+06 -3.20489845e+01 -5.02568185e-02 -6.40422211e+01
 -4.09606055e+03 -8.25486779e-02 -1.02409509e+03 -2.37883464e-01
 -1.08566627e-01 -5.24288125e+05 -1.04857612e+06 -1.60549583e+01
 -1.63840703e+04 -1.60592518e+01 -2.02793813e+00 -6.40142136e+01
 -2.62144000e+05  2.04800781e+03 -1.82142127e-02  2.01315236e+00
  3.20128670e+01 -5.24288000e+05 -3.27680117e+04 -1.63840020e+04
 -2.01775980e+00 -4.09602637e+03 -1.63840352e+04 -2.04806226e+03
 -3.41662318e-02 -1.05503559e+00 -4.64002676e-02 -3.20709496e+01
 -3.13030541e-01 -7.47889727e-02 -1.09722054e+00 -5.24288125e+05
 -8.19211426e+03 -1.02410559e+03 -6.97942898e-02 -1.04857612e+06
 -3.27680664e+04 -8.21139291e-02 -3.48218195e-02 -5.87772988e-02
 -2.90166344e-02 -6.55360078e+04 -7.03729540e-02 -1.13258064e-02
 -5.24288062e+05 -2.56025879e+02 -5.97480983e-02 -1.04857600e+06
 -1.06327675e-01 -6.40470047e+01 -2.56031464e+02 -5.02347127e-02
 -1.28039490e+02 -8.03259277e+00 -1.76990181e-01 -1.88715070e-01
 -4.09605273e+03 -6.40873032e+01 -4.10652208e+00 -1.31072109e+05
 -4.09611328e+03 -2.29344860e-01 -1.10525203e+00 -3.18294495e-01
 -4.06391478e+00 -9.75568146e-02 -2.56058685e+02 -1.72847226e-01
 -1.28032944e+02 -4.09204401e-02 -6.55360312e+04 -3.09047513e-02
 -3.93776558e-02 -5.88048212e-02 -1.03111863e+00 -2.56064514e+02
 -4.09606738e+03 -5.77873886e-02 -1.63840586e+04 -1.31072031e+05
 -4.09605420e+03 -5.12061646e+02 -1.95423037e-01 -6.57057762e-02
 -2.09745741e+00 -5.99602580e-01 -3.21138611e+01 -9.89498496e-02
 -2.04810864e+03 -2.11009073e+00 -1.31072109e+05 -9.72825512e-02
 -6.55360625e+04 -8.06520367e+00 -5.12072083e+02 -5.12065186e+02
 -1.02406311e+03 -2.07091975e+00 -1.28052750e+02 -3.90919559e-02
 -1.02407312e+03 -1.31072094e+05 -6.55360781e+04 -5.24288062e+05
 -1.08568823e+00 -2.04808325e+03 -8.19207324e+03 -8.19206152e+03
 -1.28061584e+02 -6.34626448e-02 -5.12068298e+02 -6.48018569e-02
 -4.09610156e+03 -1.10850358e+00 -1.08328201e-01 -2.04811572e+03
 -3.21056366e+01 -1.02411511e+03 -8.10724926e+00 -1.13782153e-01
 -9.59833339e-02 -5.18957824e-02 -4.07437563e+00 -1.02406873e+03
 -4.06748533e+00 -3.27680625e+04 -1.60619488e+01 -5.24288062e+05
 -2.04810425e+03 -1.02409888e+03 -3.27680977e+04 -2.62144062e+05
 -8.19204688e+03 -3.27680586e+04 -1.86347157e-01 -6.55360625e+04
 -8.06150913e+00 -2.04806445e+03 -1.61018848e+01 -1.31072109e+05
 -1.31072094e+05 -4.73499000e-02 -3.27681133e+04 -3.52268040e-01
 -2.62144094e+05 -2.38104805e-01 -7.15820640e-02 -3.27681094e+04
 -8.05197656e-02 -2.56100983e+02 -3.96963283e-02 -8.19209961e+03
 -3.27681055e+04 -7.63466284e-02 -1.63840625e+04 -1.31072078e+05
 -1.31072078e+05 -1.60631199e+01 -1.04857612e+06 -4.09607178e+03
 -2.04807324e+03 -9.02266726e-02 -1.03103094e-01 -1.08038828e-01
 -1.01082817e-01 -1.02401540e-01 -1.07536249e-01 -1.08658344e-01
 -1.07494116e-01 -1.17456667e-01 -1.10020399e-01 -1.15024649e-01]
	OpName : Ops.IDENTITY
	Original : [-1.07298873e-01 -1.13882586e-01 -1.10208146e-01 -1.06535569e-01
 -1.13659836e-01 -1.09098226e-01 -1.13749474e-01 -1.13081329e-01
 -1.06505141e-01 -1.03985593e-01 -1.21175952e-01 -1.10476024e-01
 -1.04912110e-01 -9.74124968e-02 -1.02119647e-01 -1.08643375e-01
 -1.09462671e-01 -1.17121823e-01 -1.06390312e-01 -1.13136955e-01
 -1.06160499e-01 -1.12725221e-01 -1.13214575e-01 -1.03132166e-01
 -1.09969310e-01 -1.06911421e-01 -1.10390179e-01 -1.08586110e-01
 -1.06665924e-01 -1.04833998e-01 -1.14518128e-01 -1.12750955e-01
 -1.13263771e-01 -1.08348861e-01 -1.12321772e-01 -1.12951823e-01
 -1.10506579e-01 -9.20356587e-02 -1.02043353e-01 -9.71869454e-02
 -9.74628031e-02 -9.72105861e-02 -8.83287936e-02 -1.00282967e-01
 -8.30877200e-02 -9.96844694e-02 -9.20355022e-02 -1.00574493e-01
 -1.07465029e-01 -1.06812030e-01 -1.03446722e-01 -1.15860887e-01
 -1.07233137e-01 -1.09733447e-01 -1.06182709e-01 -1.03880383e-01
 -1.12254389e-01 -1.11378677e-01 -1.14547618e-01 -1.10431969e-01
 -1.13881044e-01 -1.04800791e-01 -1.04613349e-01 -5.35124913e-02
 -5.56580015e-02 -6.47638217e-02 -6.13837391e-02 -6.23370185e-02
 -6.79777041e-02 -5.54077066e-02 -5.96433654e-02 -5.98274581e-02
 -7.48962983e-02 -6.29486293e-02 -6.56817332e-02 -6.45124540e-02
 -5.55274636e-02 -6.86688721e-02 -7.27081075e-02 -8.77178609e-02
 -1.04721799e-01 -1.09577350e-01 -1.07048623e-01 -1.05590381e-01
 -1.12052821e-01 -1.11964151e-01 -1.07294641e-01 -1.10827409e-01
 -1.05435662e-01 -1.97286773e-02 -6.29722998e-02 -5.54122441e-02
 -6.71810359e-02 -5.06445989e-02 -5.44897467e-02 -2.23007593e-02
 -7.27177635e-02 -6.45395294e-02 -9.26575735e-02 -7.82418177e-02
 -8.10189918e-02 -8.51817951e-02 -7.19802827e-02 -7.09381178e-02
 -6.37025684e-02 -7.25563020e-02 -6.64488971e-02 -6.72298670e-02
 -7.39343241e-02 -9.79442522e-02 -1.04580633e-01 -1.06658556e-01
 -1.08212590e-01 -1.04621276e-01 -1.02206014e-01 -1.01147108e-01
 -8.17994997e-02 -4.46734503e-02 -6.21075407e-02 -6.01371601e-02
 -7.55170807e-02 -8.74467343e-02 -4.97500710e-02 -9.01159719e-02
 -3.77680883e-02 -5.00856787e-02 -5.47468625e-02 -4.38636914e-02
 -5.07418774e-02 -4.77033965e-02 -5.23075499e-02 -3.71471941e-02
 -4.44426797e-02 -5.14696240e-02 -6.61072209e-02 -7.57763982e-02
 -6.21599033e-02 -6.61387295e-02 -8.55649337e-02 -1.09727778e-01
 -1.02825098e-01 -1.04978889e-01 -1.12768553e-01 -8.89468342e-02
 -6.29752129e-02 -5.24655059e-02 -5.19322604e-02 -6.45175129e-02
 -4.87957336e-02 -7.54003301e-02 -4.05697711e-02 -1.60231832e-02
 -2.22784989e-02 -2.77084182e-03 -2.12162305e-02 -1.37889842e-02
 -1.21419216e-02  2.14435533e-03 -2.47290805e-02 -1.32063897e-02
 -3.18831056e-02 -3.57623026e-02 -5.12275063e-02 -3.64752002e-02
 -6.80350587e-02 -6.58743382e-02 -8.16024095e-02 -1.03083171e-01
 -1.12653457e-01 -1.05375551e-01 -1.04454294e-01 -6.66141808e-02
 -6.43117875e-02 -5.17465323e-02 -7.36919343e-02 -4.40579057e-02
 -6.86443895e-02 -4.93663214e-02 -2.23411918e-02 -1.84312891e-02
  8.90547596e-03  1.20400358e-02  1.20054036e-02 -2.56957626e-03
 -1.38386432e-02 -1.32000847e-02 -1.92769431e-02 -1.97270629e-03
 -4.00003418e-02 -2.80890632e-02 -3.79183218e-02 -7.35917836e-02
 -6.37255386e-02 -7.01207370e-02 -6.62564188e-02 -1.06933400e-01
 -1.09333389e-01 -9.48222205e-02 -9.68311429e-02 -6.43328801e-02
 -5.97216301e-02 -4.76829931e-02 -4.88539077e-02 -5.55735491e-02
 -2.75076199e-02 -1.27774775e-02 -2.51339618e-02  2.53406935e-03
 -2.09913477e-02  9.09186993e-03  1.40683390e-02  2.15890072e-02
 -2.73722783e-02  1.18700545e-02  1.53124547e-02 -2.37376913e-02
 -1.04396315e-02 -2.01449674e-02 -3.65266539e-02 -5.22671603e-02
 -6.75354823e-02 -6.60442859e-02 -6.73898011e-02 -1.06339268e-01
 -1.06642067e-01 -1.02150105e-01 -9.34925303e-02 -7.33313933e-02
 -7.23647252e-02 -7.02238008e-02 -5.36745228e-02 -7.12329522e-02
 -3.97234298e-02 -2.53244583e-03 -1.54208234e-02  1.61674991e-02
  1.89581662e-02 -2.36359593e-02  1.85355870e-03 -1.02842576e-03
 -3.56802670e-03 -6.61933143e-03  2.24354658e-02  4.22339467e-03
 -1.92676578e-02 -2.23311298e-02 -3.23195308e-02 -5.33605814e-02
 -8.01954791e-02 -6.39318824e-02 -7.55982175e-02 -5.41153178e-02
 -1.00940228e-01 -9.48239118e-02 -6.48261756e-02 -8.04026276e-02
 -5.79692945e-02 -7.07647577e-02 -3.61699797e-02 -3.55993807e-02
 -1.23683410e-02 -7.76249357e-03  1.25224143e-02 -2.79216468e-02
 -8.04419070e-03 -3.61385867e-02 -1.95920896e-02 -1.95109639e-02
 -5.03053190e-03 -3.09409504e-03 -5.38030919e-03 -8.77477042e-03
 -2.13290956e-02 -6.31836336e-03 -1.08526470e-02 -6.72788322e-02
 -6.88518435e-02 -5.80492653e-02 -7.05652535e-02 -8.05786327e-02
 -9.88807753e-02 -1.05470225e-01 -8.30574930e-02 -6.25566766e-02
 -6.00263774e-02 -6.09745495e-02 -2.90141255e-02 -4.01821248e-02
 -1.48288570e-02 -1.28075732e-02  6.72047818e-03 -4.00820673e-02
 -2.49235854e-02 -3.98995839e-02 -2.04602722e-02 -7.84192979e-03
 -1.83459297e-02 -1.01344921e-02  1.64714847e-02  1.32153425e-02
 -1.69671013e-03 -1.73827242e-02 -2.05865707e-02 -3.50811593e-02
 -6.53823614e-02 -6.50363192e-02 -6.89805895e-02 -9.96730030e-02
 -1.09436512e-01 -1.05005778e-01 -7.75969997e-02 -6.77393824e-02
 -6.35251328e-02 -3.78294922e-02 -3.07691414e-02 -1.42955165e-02
 -1.99937727e-02 -2.66326661e-03 -7.27717672e-03 -3.57301533e-02
 -1.49001405e-02 -2.96666194e-02 -3.82914506e-02 -2.92221345e-02
 -3.66111519e-03  9.22737271e-03 -2.29530800e-02 -1.95339248e-02
 -7.22438376e-03 -2.00664904e-02 -3.49663123e-02 -4.18869741e-02
 -6.31247163e-02 -7.71464333e-02 -7.61959031e-02 -1.12015083e-01
 -1.07911766e-01 -9.91257131e-02 -7.90740401e-02 -6.60371780e-02
 -5.67395464e-02 -6.20375313e-02 -2.49195658e-02 -1.77775118e-02
 -1.61914267e-02 -1.15636159e-02 -3.50053534e-02 -2.18024775e-02
 -2.33786423e-02 -2.77024209e-02 -1.78286470e-02 -3.36227659e-03
  2.89425682e-02 -1.34446919e-02  1.29868519e-02 -1.50389345e-02
 -1.35473218e-02 -4.36953530e-02 -1.62616875e-02 -5.13004102e-02
 -5.31727001e-02 -5.45488335e-02 -8.54239240e-02 -1.06172673e-01
 -1.12093158e-01 -1.03250228e-01 -5.95956929e-02 -7.64067993e-02
 -6.39244616e-02 -4.62875739e-02 -3.97711769e-02 -7.34250806e-03
 -2.86898427e-02 -8.16881657e-03 -9.19169653e-03 -1.34813925e-02
 -6.73944922e-03 -1.10623939e-02 -3.94143071e-03 -1.25685027e-02
  1.31655652e-02  1.14194443e-02 -5.98870311e-03 -9.07303393e-03
 -1.56483557e-02 -1.48358783e-02 -3.96233983e-02 -3.24901789e-02
 -6.86271712e-02 -7.73637965e-02 -8.68283957e-02 -1.04013778e-01
 -9.77713764e-02 -1.04908220e-01 -9.72620174e-02 -7.00780749e-02
 -6.48976713e-02 -4.45130579e-02 -2.41633449e-02 -1.17763057e-02
 -9.27636120e-03 -7.82384421e-04 -9.39618214e-04 -2.64242757e-02
 -9.47565492e-03 -2.91510224e-02  1.62795540e-02  1.41095801e-03
  3.58447386e-03  1.71827599e-02  1.12540834e-02  2.86054856e-04
 -3.35473269e-02 -3.64131220e-02 -4.20730636e-02 -4.96924445e-02
 -5.41258976e-02 -6.15026616e-02 -6.89710826e-02 -9.55291763e-02
 -1.01959534e-01 -1.06983803e-01 -9.08166319e-02 -5.78283593e-02
 -5.24578840e-02 -3.22522447e-02 -1.52179962e-02 -1.71058308e-02
  1.34433573e-02 -2.74196267e-03 -7.80819217e-03 -1.32448068e-02
 -1.08036473e-02 -1.01870298e-02 -1.57840420e-02  4.88920975e-03
 -2.71699438e-03  8.92526098e-03  1.69050638e-02  1.42822471e-02
 -6.18769648e-03 -1.46035589e-02 -3.62672061e-02 -5.52530773e-02
 -5.71694411e-02 -6.55378699e-02 -7.60144889e-02 -1.07993089e-01
 -1.06709108e-01 -1.11407265e-01 -7.33070299e-02 -6.39360696e-02
 -4.96097393e-02 -3.12466919e-02 -2.04869993e-02 -1.41831338e-02
 -1.85245778e-02  8.49928532e-04 -6.23793062e-03 -1.58186499e-02
 -3.25732538e-03  5.73704951e-04 -1.02348328e-02 -2.31299847e-02
 -2.03158744e-02 -1.58012416e-02 -8.28010775e-03 -1.00607025e-02
 -1.09662125e-02 -4.48198803e-03 -5.93255274e-02 -5.55551611e-02
 -6.06065132e-02 -7.21963570e-02 -8.11139122e-02 -1.04420826e-01
 -1.18726410e-01 -1.02360547e-01 -7.75477961e-02 -5.46807088e-02
 -5.79878762e-02 -2.75909901e-02 -3.21271233e-02 -3.41483450e-04
 -1.64189171e-02  9.59028397e-03  1.39262332e-02  2.56016990e-03
 -1.75161716e-02 -9.76417586e-03 -1.83227472e-02 -2.59164236e-02
 -7.10521499e-03  8.96966364e-03  1.21717649e-02  4.20535449e-03
 -1.29445354e-02 -2.97416653e-02 -4.43417206e-02 -5.07649891e-02
 -5.56987487e-02 -6.96250871e-02 -7.18274415e-02 -1.18967138e-01
 -1.13581620e-01 -1.02768637e-01 -7.38228410e-02 -6.51536807e-02
 -6.28048629e-02 -3.66564393e-02 -2.94006485e-02  1.60312658e-04
 -1.11501440e-02 -2.35043140e-03 -1.72242932e-02 -1.06128249e-02
  9.02275462e-03 -1.83110274e-02 -4.71170200e-03 -3.30647151e-03
 -8.20211042e-03  1.36822741e-02  4.93524736e-03  8.30093771e-03
 -1.42766461e-02 -1.47516932e-02 -1.49225323e-02 -3.91244926e-02
 -7.17304721e-02 -4.80227284e-02 -6.29430488e-02 -1.11398309e-01
 -1.15369394e-01 -1.01880364e-01 -6.54739439e-02 -5.76245636e-02
 -5.52215204e-02 -4.00730483e-02 -2.84151472e-02  7.83482008e-03
  1.92542793e-03 -1.46613969e-02  1.81773584e-02 -1.21499179e-02
 -3.00604570e-05  1.72522496e-02 -4.17888537e-03 -3.28601673e-02
 -1.92107912e-02  2.54313066e-03 -3.93792707e-03 -3.12297307e-05
 -3.65768075e-02 -4.31426018e-02 -4.92640771e-02 -5.74325547e-02
 -6.29964992e-02 -1.30332066e-02 -7.23169297e-02 -9.92773622e-02
 -1.04233645e-01 -1.05838262e-01 -8.00270513e-02 -5.53667210e-02
 -5.33262342e-02 -4.27614860e-02 -1.43188694e-02  3.46771791e-03
 -4.53144370e-04 -2.55044806e-03 -6.18060492e-03 -5.10365330e-03
 -4.13602544e-03 -1.53430058e-02 -8.68085492e-03 -1.11888126e-02
 -2.82690767e-03 -1.12315947e-02 -7.71158887e-03 -1.76697364e-03
 -3.64869423e-02 -4.87105772e-02 -8.10233802e-02 -6.20250814e-02
 -6.79075047e-02 -6.05733730e-02 -9.92508978e-02 -1.05520919e-01
 -1.15839474e-01 -1.04022011e-01 -8.65571275e-02 -5.90550117e-02
 -5.96524365e-02 -3.93078364e-02 -1.60994101e-02 -1.28884995e-02
 -1.13552809e-02 -4.13775258e-03  2.71674874e-03 -2.75734649e-03
 -5.77132276e-04 -2.05436423e-02  6.01794152e-03  2.07025744e-03
 -2.07457375e-02 -1.54585391e-02 -9.37609747e-03 -2.97316834e-02
 -3.06772515e-02 -4.89827432e-02 -5.80693185e-02 -4.22213674e-02
 -6.05963171e-02 -6.69236779e-02 -9.51526612e-02 -1.12883464e-01
 -1.06613502e-01 -1.15647919e-01 -7.02104867e-02 -5.49588427e-02
 -6.95183799e-02 -5.92515208e-02 -2.79380288e-02 -1.42157972e-02
 -1.45706870e-02  7.74230063e-03 -1.91907752e-02  1.31523795e-02
  1.28657473e-02 -9.81776323e-03 -1.07887182e-02 -1.18429109e-03
 -1.77597813e-02 -2.65043210e-02 -3.50180790e-02 -6.23626560e-02
 -3.22131068e-02 -5.50356321e-02 -4.54237051e-02 -7.09493235e-02
 -6.30305335e-02 -7.08827227e-02 -9.72204879e-02 -1.04960062e-01
 -1.13944493e-01 -1.05648339e-01 -7.76067898e-02 -7.24042132e-02
 -6.70220926e-02 -6.64889291e-02 -5.04468195e-02 -4.31522988e-02
 -2.12041344e-02 -7.78457848e-03 -7.87295587e-03 -1.03492439e-02
 -3.37900333e-02 -2.58830730e-02 -2.84980983e-02 -5.09005040e-02
 -4.38276753e-02 -4.70021591e-02 -3.14658917e-02 -4.92581502e-02
 -3.94945294e-02 -3.25928740e-02 -5.19901738e-02 -6.37150630e-02
 -5.28808534e-02 -8.73029158e-02 -1.06522068e-01 -1.05868287e-01
 -1.13079406e-01 -1.04344860e-01 -1.05251998e-01 -6.82945028e-02
 -6.39146045e-02 -3.50568108e-02 -5.86865507e-02 -4.78472300e-02
 -3.29448394e-02 -4.48266901e-02 -3.13166045e-02 -2.89516263e-02
 -3.15651558e-02 -4.31798212e-02 -3.11186090e-02 -6.45055473e-02
 -6.75059184e-02 -5.58342636e-02 -5.88258244e-02 -2.84694396e-02
 -5.43251745e-02 -6.16531223e-02 -7.04230443e-02 -6.47292137e-02
 -9.74575132e-02 -9.96025503e-02 -1.13860831e-01 -1.14574850e-01
 -1.08724952e-01 -1.10090621e-01 -1.10395215e-01 -1.01188801e-01
 -6.10398948e-02 -6.52036741e-02 -7.21122250e-02 -6.51604980e-02
 -6.31664619e-02 -7.09197596e-02 -5.27530313e-02 -4.29982059e-02
 -7.31428266e-02 -9.04857069e-02 -8.06380883e-02 -7.20291287e-02
 -8.56881961e-02 -8.31456631e-02 -7.32233375e-02 -6.19189776e-02
 -6.15900308e-02 -6.44392073e-02 -6.82819709e-02 -6.87081069e-02
 -1.01680055e-01 -1.08503520e-01 -1.00515701e-01 -1.15799651e-01
 -1.05635382e-01 -1.15106814e-01 -1.07248791e-01 -1.14758715e-01
 -1.03795834e-01 -5.97082824e-02 -7.43754208e-02 -6.86941668e-02
 -6.74851686e-02 -6.38274327e-02 -6.19486384e-02 -7.80611858e-02
 -1.04364581e-01 -9.88630578e-02 -9.60765034e-02 -7.08362162e-02
 -4.71718721e-02 -6.00507371e-02 -6.13471568e-02 -5.87461330e-02
 -6.15088828e-02 -6.43496439e-02 -1.01884544e-01 -1.05706386e-01
 -9.79218408e-02 -1.09849900e-01 -1.14733607e-01 -1.02268040e-01
 -1.08151808e-01 -1.13104805e-01 -1.02832064e-01 -1.11013830e-01
 -1.11769766e-01 -1.00989915e-01 -1.02196328e-01 -9.94576812e-02
 -1.07400559e-01 -9.19716284e-02 -6.24400340e-02 -7.29159340e-02
 -8.11323598e-02 -6.31201416e-02 -6.94332570e-02 -7.19993487e-02
 -7.33382031e-02 -8.24141726e-02 -1.03103094e-01 -1.08038828e-01
 -1.01082817e-01 -1.02401540e-01 -1.07536249e-01 -1.08658344e-01
 -1.07494116e-01 -1.17456667e-01 -1.10020399e-01 -1.15024649e-01]
	Time : 0:00:00.177162
 }
{
	Count : 1
	Injected : [[-0.01096445 -0.03651473  0.25004888 ... -0.59084547  0.3639987
   0.05311032]
 [-0.08988833  0.20240065 -0.01711208 ... -0.31535923  0.15430664
   0.00726272]
 [ 0.20875648 -0.14814427  0.02733904 ... -0.21017872 -0.11110204
  -0.24049571]
 ...
 [-0.11219875 -0.3228735  -0.1481619  ...  0.33822876  0.08146087
   0.04363899]
 [-0.25819623 -0.3145436  -0.10337903 ... -0.20568612  0.38451675
   0.06887194]
 [-0.03494438  0.00698913  0.40128413 ... -0.2609432   0.02826687
   0.36230984]]
	OpName : Ops.IDENTITY
	Original : [[-0.01096445 -0.03651473  0.25004888 ... -0.59084547  0.3639987
   0.05311032]
 [-0.08988833  0.20240065 -0.01711208 ... -0.31535923  0.15430664
   0.00726272]
 [ 0.20875648 -0.14814427  0.02733904 ... -0.21017872 -0.11110204
  -0.24049571]
 ...
 [-0.11219875 -0.3228735  -0.1481619  ...  0.33822876  0.08146087
   0.04363899]
 [-0.25819623 -0.3145436  -0.10337903 ... -0.20568612  0.38451675
   0.06887194]
 [-0.03494438  0.00698913  0.40128413 ... -0.2609432   0.02826687
   0.36230984]]
	Time : 0:00:00.360727
 }
{
	Count : 5
	Injected : [[ 1.20014732e+02 -1.33787251e+00 -3.01696688e-01 ... -2.41177200e+02
   3.66508305e-01 -5.46425343e-01]
 [ 4.77537193e+01  1.00175905e+00 -2.11541390e+00 ... -8.90232697e+01
   2.27088976e+00  2.43972108e-01]
 [-1.18668564e+02 -1.28445969e+02 -8.65696609e-01 ...  4.91822235e+02
  -1.02510083e+03 -9.95993912e-01]
 [-2.36123981e+01 -1.75296402e+00 -1.40489146e-01 ...  4.50317001e+01
   6.86347067e-01  1.58965707e+00]]
	OpName : Ops.MATMUL
	Original : [[ 1.2001473e+02 -1.3378725e+00 -3.0169669e-01 ... -2.4117720e+02
   3.6650831e-01 -5.4642534e-01]
 [ 4.7753719e+01  1.0017591e+00 -2.1154139e+00 ... -8.9023270e+01
   2.2708898e+00  2.4397211e-01]
 [-1.1866075e+02 -4.4596794e-01 -8.3444661e-01 ...  2.3582224e+02
  -1.1008544e+00 -9.9990016e-01]
 [-2.3612398e+01 -1.7529640e+00 -1.4048915e-01 ...  4.5031700e+01
   6.8634707e-01  1.5896571e+00]]
	Time : 0:00:00.434248
 }
{
	Count : 6
	Injected : [[ 2.6226412e+05 -1.1978707e+00  1.6383864e+04 ... -2.4090866e+02
   4.7165033e-01 -3.3830789e-01]
 [ 2.6219188e+05  1.1417608e+00  1.6382051e+04 ... -8.8754730e+01
   2.3760319e+00  4.5208955e-01]
 [ 2.6202545e+05 -1.2830597e+02  1.6383301e+04 ...  4.9209079e+02
  -1.0249957e+03 -7.8787649e-01]
 [ 5.2426450e+05 -3.6129622e+00  1.6896025e+04 ...  1.6429301e+04
   2.5679150e+02  5.7977743e+00]]
	OpName : Ops.ADD
	Original : [[ 2.6226412e+05 -1.1978707e+00  1.6383864e+04 ... -2.4090866e+02
   4.7165033e-01 -3.3830789e-01]
 [ 2.6219188e+05  1.1417608e+00  1.6382051e+04 ... -8.8754730e+01
   2.3760319e+00  4.5208955e-01]
 [ 2.6202545e+05 -1.2830597e+02  1.6383301e+04 ...  4.9209079e+02
  -1.0249957e+03 -7.8787649e-01]
 [ 2.6212052e+05 -1.6129622e+00  1.6384025e+04 ...  4.5300240e+01
   7.9148912e-01  1.7977746e+00]]
	Time : 0:00:00.497392
 }
{
	Count : 7
	Injected : [[2.6226412e+05 0.0000000e+00 1.6383864e+04 ... 0.0000000e+00
  4.7165033e-01 0.0000000e+00]
 [2.6215988e+05 6.5141762e+01 1.6318051e+04 ... 1.0240000e+03
  6.3760319e+00 8.1924521e+03]
 [2.6202545e+05 0.0000000e+00 1.6383301e+04 ... 4.9209079e+02
  0.0000000e+00 0.0000000e+00]
 [5.2426450e+05 0.0000000e+00 1.6896025e+04 ... 1.6429301e+04
  2.5679150e+02 5.7977743e+00]]
	OpName : Ops.RELU
	Original : [[2.6226412e+05 0.0000000e+00 1.6383864e+04 ... 0.0000000e+00
  4.7165033e-01 0.0000000e+00]
 [2.6219188e+05 1.1417608e+00 1.6382051e+04 ... 0.0000000e+00
  2.3760319e+00 4.5208955e-01]
 [2.6202545e+05 0.0000000e+00 1.6383301e+04 ... 4.9209079e+02
  0.0000000e+00 0.0000000e+00]
 [5.2426450e+05 0.0000000e+00 1.6896025e+04 ... 1.6429301e+04
  2.5679150e+02 5.7977743e+00]]
	Time : 0:00:00.511110
 }
{
	Count : 8
	Injected : [[-2.3182572e+06 -3.9289234e+09 -3.1415300e+10 ... -2.1400288e+06
  -2.4781061e+08 -2.4109455e+06]
 [-4.1109050e+06 -1.3758167e+09 -1.0973081e+10 ... -4.0952900e+06
  -8.9888568e+07 -4.1309865e+06]
 [-3.5483505e+06 -3.3862980e+06 -3.4757562e+06 ... -3.3321950e+06
  -3.0381422e+06 -3.2167508e+06]
 [-3.2657668e+06 -3.0414068e+06 -3.1463532e+06 ... -3.3579688e+06
  -2.8430382e+06 -2.8280742e+06]]
	OpName : Ops.MATMUL
	Original : [[-2.3182572e+06 -3.9289234e+09 -3.1415300e+10 ... -2.1400288e+06
  -2.4781061e+08 -2.4109455e+06]
 [-4.1109050e+06 -1.3758167e+09 -1.0973081e+10 ... -4.0952900e+06
  -8.9888568e+07 -4.1309865e+06]
 [-3.5483505e+06 -3.3862980e+06 -3.4757562e+06 ... -3.3321950e+06
  -3.0381422e+06 -3.2167508e+06]
 [-3.2657828e+06 -3.0413748e+06 -3.1545452e+06 ... -3.3580008e+06
  -3.1051822e+06 -3.0902182e+06]]
	Time : 0:00:00.538270
 }
{
	Count : 9
	Injected : [[-2.3180012e+06 -3.9294149e+09 -3.1415300e+10 ... -2.1400248e+06
  -2.4781067e+08 -2.4108815e+06]
 [-4.1109050e+06 -1.3763410e+09 -1.0973081e+10 ... -4.0952900e+06
  -8.9888568e+07 -4.1309865e+06]
 [-3.5483505e+06 -3.9105860e+06 -3.4757572e+06 ... -3.3321950e+06
  -3.0381422e+06 -3.2167508e+06]
 [-3.2657668e+06 -3.5656950e+06 -3.1463542e+06 ... -3.3579688e+06
  -2.8430382e+06 -2.8280742e+06]]
	OpName : Ops.ADD
	Original : [[-2.3182572e+06 -3.9294477e+09 -3.1415300e+10 ... -2.1400288e+06
  -2.4781061e+08 -2.4109455e+06]
 [-4.1109050e+06 -1.3763410e+09 -1.0973081e+10 ... -4.0952900e+06
  -8.9888568e+07 -4.1309865e+06]
 [-3.5483505e+06 -3.9105860e+06 -3.4757572e+06 ... -3.3321950e+06
  -3.0381422e+06 -3.2167508e+06]
 [-3.2657668e+06 -3.5656950e+06 -3.1463542e+06 ... -3.3579688e+06
  -2.8430382e+06 -2.8280742e+06]]
	Time : 0:00:00.562911
 }
{
	Count : 10
	Injected : [[0.000000e+00 0.000000e+00 0.000000e+00 ... 0.000000e+00 0.000000e+00
  0.000000e+00]
 [0.000000e+00 0.000000e+00 0.000000e+00 ... 0.000000e+00 0.000000e+00
  0.000000e+00]
 [0.000000e+00 0.000000e+00 0.000000e+00 ... 0.000000e+00 0.000000e+00
  0.000000e+00]
 [6.400000e+01 1.024000e+03 6.400000e+01 ... 1.600000e+01 1.048576e+06
  3.200000e+01]]
	OpName : Ops.SIGMOID
	Original : [[0. 0. 0. ... 0. 0. 0.]
 [0. 0. 0. ... 0. 0. 0.]
 [0. 0. 0. ... 0. 0. 0.]
 [0. 0. 0. ... 0. 0. 0.]]
	Time : 0:00:00.573389
 }
{
	Count : 2
	Injected : [[-0.11834105 -0.1600072  -0.1524867  ... -0.15993209 -0.07117881
  -0.08989892]
 [-0.1159058  -0.0778534  -0.15562373 ... -0.18511102 -0.24667901
  -0.08802132]
 [-0.18685192 -0.0562017   0.02304923 ... -0.1763355  -0.19034043
  -0.22580156]
 ...
 [-0.06419045 -0.11632336  0.08353721 ... -0.1823774  -0.2029242
  -0.01979195]
 [-0.09639654 -0.19358523 -0.15687498 ... -0.09937826 -0.14969411
  -0.26971027]
 [-0.13969412 -0.25891963 -0.2333733  ... -0.13510245 -0.11369146
  -0.2358762 ]]
	OpName : Ops.IDENTITY
	Original : [[-0.11834105 -0.1600072  -0.1524867  ... -0.15993209 -0.07117881
  -0.08989892]
 [-0.1159058  -0.0778534  -0.15562373 ... -0.18511102 -0.24667901
  -0.08802132]
 [-0.18685192 -0.0562017   0.02304923 ... -0.1763355  -0.19034043
  -0.22580156]
 ...
 [-0.06419045 -0.11632336  0.08353721 ... -0.1823774  -0.2029242
  -0.01979195]
 [-0.09639654 -0.19358523 -0.15687498 ... -0.09937826 -0.14969411
  -0.26971027]
 [-0.13969412 -0.25891963 -0.2333733  ... -0.13510245 -0.11369146
  -0.2358762 ]]
	Time : 0:00:00.770594
 }
{
	Count : 1
	Injected : [[-0.11834105 -0.1600072  -0.1524867  ... -0.15993209 -0.07117881
  -0.08989892]
 [-0.1159058  -0.0778534  -0.15562373 ... -0.18511102 -0.24667901
  -0.08802132]
 [-0.18685192 -0.0562017   0.02304923 ... -0.1763355  -0.19034043
  -0.22580156]
 ...
 [-0.06419045 -0.11632336  0.08353721 ... -0.1823774  -0.2029242
  -0.01979195]
 [-0.09639654 -0.19358523 -0.15687498 ... -0.09937826 -0.14969411
  -0.26971027]
 [-0.13969412 -0.25891963 -0.2333733  ... -0.13510245 -0.11369146
  -0.2358762 ]]
	OpName : Ops.IDENTITY
	Original : [[-0.11834105 -0.1600072  -0.1524867  ... -0.15993209 -0.07117881
  -0.08989892]
 [-0.1159058  -0.0778534  -0.15562373 ... -0.18511102 -0.24667901
  -0.08802132]
 [-0.18685192 -0.0562017   0.02304923 ... -0.1763355  -0.19034043
  -0.22580156]
 ...
 [-0.06419045 -0.11632336  0.08353721 ... -0.1823774  -0.2029242
  -0.01979195]
 [-0.09639654 -0.19358523 -0.15687498 ... -0.09937826 -0.14969411
  -0.26971027]
 [-0.13969412 -0.25891963 -0.2333733  ... -0.13510245 -0.11369146
  -0.2358762 ]]
	Time : 0:00:01.063971
 }
{
	Count : 1
	Injected : [[-0.11834105 -0.1600072  -0.1524867  ... -0.15993209 -0.07117881
  -0.08989892]
 [-0.1159058  -0.0778534  -0.15562373 ... -0.18511102 -0.24667901
  -0.08802132]
 [-0.18685192 -0.0562017   0.02304923 ... -0.1763355  -0.19034043
  -0.22580156]
 ...
 [-0.06419045 -0.11632336  0.08353721 ... -0.1823774  -0.2029242
  -0.01979195]
 [-0.09639654 -0.19358523 -0.15687498 ... -0.09937826 -0.14969411
  -0.26971027]
 [-0.13969412 -0.25891963 -0.2333733  ... -0.13510245 -0.11369146
  -0.2358762 ]]
	OpName : Ops.IDENTITY
	Original : [[-0.11834105 -0.1600072  -0.1524867  ... -0.15993209 -0.07117881
  -0.08989892]
 [-0.1159058  -0.0778534  -0.15562373 ... -0.18511102 -0.24667901
  -0.08802132]
 [-0.18685192 -0.0562017   0.02304923 ... -0.1763355  -0.19034043
  -0.22580156]
 ...
 [-0.06419045 -0.11632336  0.08353721 ... -0.1823774  -0.2029242
  -0.01979195]
 [-0.09639654 -0.19358523 -0.15687498 ... -0.09937826 -0.14969411
  -0.26971027]
 [-0.13969412 -0.25891963 -0.2333733  ... -0.13510245 -0.11369146
  -0.2358762 ]]
	Time : 0:00:01.364803
 }
{
	Count : 4
	Injected : [-2.56107300e+02 -5.24288125e+05 -2.35208154e-01 -6.06535554e-01
 -1.63841133e+04 -6.55361094e+04 -2.38749474e-01 -3.21130829e+01
 -1.63841074e+04 -3.21039848e+01 -5.12121155e+02 -4.11047602e+00
 -1.61049118e+01 -6.55360938e+04 -5.24288125e+05 -5.24288125e+05
 -2.62144125e+05 -1.02411707e+03 -1.02410645e+03 -1.20949455e-01
 -8.19210645e+03 -4.09611279e+03 -2.11321449e+00 -1.61031322e+01
 -6.09969318e-01 -6.41069107e+01 -1.09413616e-01 -1.07609548e-01
 -3.56665909e-01 -1.20458998e-01 -1.16471253e-01 -1.28112747e+02
 -1.11326373e+00 -1.06395736e-01 -1.04857612e+06 -2.37951815e-01
 -1.14412829e-01 -3.27680938e+04 -1.03019916e-01 -3.47186953e-01
 -3.49628031e-02 -1.05023086e-01 -1.02408838e+03 -2.56100281e+02
 -4.09608301e+03 -1.63840996e+04 -9.30120647e-02 -9.66682434e-02
 -2.10746503e+00 -8.10681248e+00 -2.56103455e+02 -1.31072109e+05
 -4.10723305e+00 -4.10973358e+00 -4.10618258e+00 -3.21038818e+01
 -2.62144125e+05 -2.36378670e-01 -1.63841152e+04 -1.04857612e+06
 -1.14857607e-01 -2.04810474e+03 -4.21133488e-02 -5.12053528e+02
 -8.19205566e+03 -2.26382166e-03 -2.04806128e+03 -3.10870185e-02
 -6.99308291e-02 -5.63842691e-02 -6.55360625e+04 -5.59212081e-02
 -7.09900483e-02 -2.62144062e+05 -7.34942332e-02 -2.06451249e+00
 -5.65040261e-02 -1.31072062e+05 -1.63840723e+04 -1.28087723e+02
 -3.54721785e-01 -3.27681094e+04 -1.10704863e+00 -1.10559034e+00
 -8.19211230e+03 -1.02411194e+03 -1.10729468e+00 -4.09611084e+03
 -5.12105408e+02 -2.07052398e-02 -3.27680625e+04 -1.63840547e+04
 -1.28067184e+02 -2.62144062e+05 -3.88647467e-02 -1.02230072e+00
 -2.07271767e+00 -6.55160919e-02 -3.20926590e+01 -6.40782394e+01
 -6.55360781e+04 -2.62144094e+05 -3.27680703e+04 -2.62144062e+05
 -1.28063705e+02 -2.62144062e+05 -1.91448897e-01 -8.28548670e-02
 -8.19207422e+03 -5.97944260e-01 -5.24288125e+05 -2.56106659e+02
 -2.10821247e+00 -7.33712763e-02 -2.04810229e+03 -8.10114670e+00
 -6.55360781e+04 -4.36968878e-02 -2.62144062e+05 -2.56060150e+02
 -7.16108307e-02 -7.18217343e-02 -1.02404980e+03 -2.15115964e-01
 -5.12037781e+02 -1.02405005e+03 -1.17246866e-01 -1.26136914e-02
 -1.31072047e+05 -4.86799590e-02 -1.04857600e+06 -1.60371475e+01
 -2.94442683e-01 -1.04857600e+06 -3.20661087e+01 -1.28075775e+02
 -2.06216002e+00 -1.91138729e-01 -5.85564911e-01 -3.59727770e-01
 -3.21028252e+01 -1.20603889e-01 -1.63841133e+04 -1.28088943e+02
 -4.75212932e-04 -3.27680508e+04 -4.05193233e+00 -8.01425129e-02
 -2.56048798e+02 -3.25400323e-01 -9.31977108e-03 -4.72731814e-02
 -6.65349886e-03 -2.52770841e-01 -8.37162286e-02 -7.62889832e-02
 -6.55360156e+04  6.46443516e-02 -4.09602490e+03 -1.63840137e+04
 -2.81883121e-01 -1.31072031e+05 -3.01227510e-01 -1.60364761e+01
 -2.04806812e+03 -6.39212132e-02 -1.08160245e+00 -1.02106608e-01
 -5.24288125e+05 -5.24288125e+05 -2.56104462e+02 -6.40666122e+01
 -6.40643082e+01 -2.56051758e+02 -1.31072078e+05 -8.04405785e+00
 -2.62144062e+05 -5.12049377e+02 -6.40223389e+01 -2.04801831e+03
  2.45304760e-02  2.01204014e+00  4.32554036e-02 -8.19200293e+03
 -5.12013855e+02 -5.38758468e-03 -5.05269431e-02 -8.19200195e+03
 -3.27680391e+04 -2.41828132e-02 -3.27680391e+04 -3.27680742e+04
 -1.31072062e+05 -6.81676120e-02 -3.16256404e-01 -2.10693336e+00
 -3.27681094e+04 -6.55360938e+04 -2.04809692e+03 -1.60643330e+01
 -8.05972195e+00 -4.04768276e+00 -4.98304702e-02 -6.55360547e+04
 -2.84841824e-02 -2.62144000e+05 -2.41573993e-02  3.27680039e+04
 -8.34913477e-02  1.10449949e-02  5.14068365e-01  1.63840215e+04
 -1.31072031e+05  5.11870027e-01  6.55360156e+04 -8.02373791e+00
 -3.20104408e+01 -8.02014542e+00 -2.04803662e+03 -3.66421603e-02
 -8.31604823e-02 -5.66044271e-01 -6.40673904e+01 -2.31339276e-01
 -1.02410669e+03 -1.17775105e-01 -1.09349251e+00 -6.55188933e-02
 -2.56072357e+02 -1.02407019e+03 -5.12053650e+02 -1.63840703e+04
 -6.40397263e+01 -3.37824449e-02 -4.01542091e+00  2.56016174e+02
  4.01895809e+00 -5.23635983e-01  3.80668370e-03 -2.62144000e+05
 -2.56003571e+02 -1.28006622e+02  6.40224380e+01  1.00422335e+00
 -3.64265777e-03 -1.47331133e-01 -1.63840332e+04 -1.05336058e+00
 -5.24288062e+05 -1.06393194e+00 -1.02407556e+03 -1.79115325e-01
 -9.89871025e-02 -4.09609473e+03 -3.27680664e+04 -6.55360781e+04
 -2.05796933e+00 -4.09607080e+03 -3.51934172e-02 -6.55360391e+04
 -1.02401233e+03 -4.00776243e+00  4.09601270e+03 -4.02792168e+00
 -8.19200781e+03 -5.17635867e-02 -2.69592077e-01 -1.75578389e-02
 -1.04857600e+06 -3.27680039e+04 -1.02400537e+03 -5.12008789e+02
 -5.21329105e-01 -4.00631857e+00 -5.24288000e+05 -4.06727886e+00
 -2.62144062e+05 -3.27680586e+04 -7.25183785e-02 -8.83911327e-02
 -2.23880768e-01 -6.05470240e-01 -3.33057493e-01 -1.02406250e+03
 -3.10026377e-01 -1.23474553e-01 -2.02901411e+00 -6.40401840e+01
 -1.38522945e-02 -1.63840137e+04  1.63840059e+04 -4.09604004e+03
 -4.02492380e+00 -3.20398979e+01 -6.40204620e+01 -1.31072016e+05
 -2.62144031e+05 -2.32199207e-03  1.02401648e+03  4.09601318e+03
 -6.41967133e-02 -2.67382711e-01 -2.02058649e+00 -2.04803516e+03
 -6.34292364e-02 -2.04806494e+03 -5.12068970e+02 -2.62144094e+05
 -1.11389637e-01 -1.02410498e+03 -1.28077591e+02 -2.56067749e+02
 -3.13525140e-01 -2.03782940e+00 -4.03076935e+00 -1.63840137e+04
 -5.12020020e+02 -6.56951685e-03 -1.63840078e+04 -3.20357285e+01
 -1.04857600e+06 -2.57603694e-02 -1.03829145e+00 -8.19202930e+03
 -1.04857600e+06  1.31072016e+05 -1.28022949e+02 -2.62144031e+05
 -1.63840078e+04 -1.02006650e+00 -2.03496623e+00 -2.62144031e+05
 -6.55360625e+04 -1.60771465e+01 -6.83834031e-02 -1.28112015e+02
 -3.57911766e-01 -8.09912586e+00 -2.62144094e+05 -1.91037178e-01
 -2.05673957e+00 -6.10609688e-02 -1.02491951e+00 -8.02775100e-02
 -5.12016174e+02 -1.02401160e+03 -5.12035034e+02 -2.04802173e+03
 -8.58786404e-02 -1.31072031e+05 -2.56017822e+02 -2.56003357e+02
  3.08956932e-02 -7.59446919e-02  6.55360156e+04 -2.65038937e-01
 -4.47973236e-02 -4.46719155e-02 -8.19201660e+03 -3.01300406e-01
 -1.15672700e-01 -5.54548860e-01 -3.27680859e+04 -1.21797673e-01
 -6.55361094e+04 -6.41032486e+01 -1.05959570e+00 -1.31072078e+05
 -2.04806396e+03 -6.40462875e+01 -8.03977108e+00 -3.27680078e+04
 -5.28689861e-01 -8.00816917e+00 -8.19200879e+03 -6.55360156e+04
 -2.56739438e-01 -9.10926890e-03 -1.31072000e+05 -5.12568474e-01
  1.63840137e+04  3.27680117e+04 -4.09600586e+03 -8.00907326e+00
 -4.01564837e+00 -6.55360156e+04 -1.03962338e+00 -4.03249025e+00
 -4.06862736e+00 -6.40773621e+01 -2.43283957e-02 -1.10401380e+00
 -4.09777117e+00 -4.09610498e+03 -2.56097260e+02 -1.01328075e-01
 -1.31072062e+05 -4.04451323e+00 -8.19202441e+03 -5.11776328e-01
 -5.12009277e+02 -1.64073836e-02 -2.00093961e+00 -1.51424274e-01
 -4.07256559e-02 -5.24288000e+05  7.87795559e-02  2.04800146e+03
  4.00358438e+00  2.56017181e+02  2.01125407e+00  2.23917980e-03
 -3.74535769e-02 -6.55360391e+04 -2.62144031e+05 -5.35986945e-02
 -6.55360547e+04 -4.06150246e+00 -1.63840684e+04 -2.20529169e-01
 -3.51959527e-01 -6.41069870e+01 -1.09081662e+00 -2.05782843e+00
 -5.52457869e-01 -4.03225231e+00 -6.40152206e+01 -2.49183308e-02
  2.62144000e+05 -3.20027428e+01 -2.57808179e-01 -1.22682443e-02
 -1.01080370e+00 -3.27680117e+04 -1.77371670e-02  6.73892125e-02
 -6.55360000e+04  2.58925259e-01  1.28016907e+02  1.60142822e+01
 -6.86876997e-02 -5.12014587e+02 -6.55360391e+04 -6.40552521e+01
 -2.59194411e-02 -8.06553745e+00 -6.40760117e+01 -7.67430887e-02
 -1.02410669e+03 -3.21114082e+01 -4.07330704e+00 -2.06393600e+00
 -1.74609736e-01 -1.02403125e+03 -4.09602051e+03 -2.64183134e-01
 -6.55360156e+04  3.20999287e-02 -7.21449312e-03 -6.55360156e+04
 -2.04800317e+03  1.61987059e-02 -5.10234833e-01 -2.73130000e-01
 -3.20203171e+01 -1.67778041e-02 -3.27680078e+04 -2.24820245e-03
 -1.60109653e+01 -2.62144000e+05 -1.21825531e-01 -5.75082861e-02
 -1.04857600e+06 -1.07219636e+00 -3.27680820e+04 -1.04857612e+06
 -6.55361172e+04 -4.09610254e+03 -1.60775471e+01 -6.55360547e+04
 -2.56057983e+02 -4.09602783e+03 -3.20321274e+01 -4.24773339e-03
 -1.83720421e-02  5.09590268e-01  5.12013916e+02  3.38101685e-02
 -1.31072016e+05 -3.27680078e+04 -5.12018311e+02 -2.39632986e-02
 -1.00710523e+00  1.28008972e+02  3.27680117e+04  6.67053536e-02
 -8.19201270e+03 -3.20297432e+01 -2.04804443e+03 -2.62144062e+05
 -1.05569875e+00 -6.40696259e+01 -6.40149415e-02 -1.61189671e+01
 -3.63581628e-01 -4.10276842e+00 -1.63840742e+04 -9.64036807e-02
 -6.55360625e+04 -6.40366592e+01 -2.62144031e+05  3.14103141e-02
 -2.61150151e-01 -1.28002350e+02 -8.19201758e+03 -6.40106125e+01
  1.29290046e-02 -1.31072016e+05 -1.31072000e+05 -4.00330639e+00
 -8.19200781e+03  2.93072741e-02  1.63840059e+04  5.08300960e-01
 -6.40142746e+01 -2.04801465e+03 -4.01492262e+00 -3.20391235e+01
 -5.24288062e+05 -2.56048035e+02 -5.12062927e+02 -1.31072109e+05
 -2.40369394e-01 -1.28101883e+02 -9.67239439e-02 -1.28057617e+02
 -6.55360547e+04 -3.90964858e-02 -1.60284157e+01  1.04857600e+06
  9.73792747e-03 -4.01466131e+00  3.27680195e+04 -4.09601221e+03
 -1.31072000e+05  4.09601709e+03 -6.55360078e+04 -5.12032837e+02
 -1.04857600e+06  6.40025406e+01 -3.51879261e-02 -1.00779219e-03
 -2.62144031e+05 -3.53301018e-02 -1.63840488e+04 -1.02405737e+03
 -8.06299686e+00 -5.22070657e-03 -2.04807227e+03 -2.62144094e+05
 -1.08139895e-01 -1.21463262e-01 -1.60800266e+01 -1.04857600e+06
 -4.94199842e-02 -2.92761475e-01 -2.04801440e+03  1.00346768e+00
 -2.62144000e+05 -6.55360000e+04 -2.56006195e+02 -4.00510359e+00
 -3.20041351e+01 -1.04857600e+06 -1.02400867e+03 -5.12011169e+02
 -3.40769067e-02 -3.41909472e-03 -1.55240893e-02 -2.00176692e+00
 -6.55360391e+04 -1.04871058e+00 -6.55360781e+04 -4.06202507e+00
 -4.09606787e+03 -2.62144062e+05 -9.53446478e-02 -3.55520904e-01
 -1.11933224e-01 -1.04857612e+06 -3.36557120e-01 -1.84055015e-01
 -5.24288062e+05 -4.32140864e-02 -6.55360156e+04 -6.40128860e+01
 -1.01135528e+00 -6.40041351e+01  7.63623742e-04 -6.66359626e-03
 -5.00577152e-01 -8.19202051e+03  1.38304420e-02  5.12002075e+02
 -2.85582375e-02 -6.40154572e+01 -1.31072016e+05 -2.79731691e-01
 -2.03067732e+00 -4.99593057e-02 -1.20569319e-01 -8.19204199e+03
 -5.86431921e-02 -4.42367792e-03 -1.04857612e+06 -1.20695964e-01
 -9.88010019e-02 -2.62144125e+05 -6.82573617e-02 -2.56054962e+02
 -1.94518387e-01 -5.53452708e-02 -2.01255288e-02 -6.40142136e+01
 -1.55472495e-02  1.28007736e+02 -8.16907734e-02  1.31072016e+05
  3.27680117e+04 -1.63840098e+04 -8.19201074e+03 -2.62144000e+05
 -5.24288000e+05 -2.56026489e+02 -4.09603516e+03 -5.62362671e-01
 -2.03221321e+00 -4.72231321e-02 -6.10487051e-02 -1.28070953e+02
 -1.28063034e+02 -7.28358477e-02 -1.02409717e+03 -6.41049576e+01
 -8.11394405e+00 -1.07601464e-01 -1.07760680e+00 -1.60724049e+01
 -1.31072062e+05 -8.21139291e-02 -2.04805054e+03 -6.40431519e+01
 -3.20212059e+01 -3.87832848e-03 -6.04558736e-05 -1.04857600e+06
 -3.76962833e-02 -2.02588296e+00 -5.28498113e-01 -4.69942540e-02
 -1.06327675e-01 -2.62144062e+05 -1.02403149e+03 -5.70706502e-02
 -2.56039490e+02 -3.45459990e-02 -4.05199003e+00 -2.06371498e+00
 -3.20528793e+01 -2.12302923e-01 -5.24288125e+05 -2.30868280e-01
 -2.38079399e-01 -3.27681055e+04 -2.62144094e+05 -2.56068298e+02
 -2.04806396e+03 -5.06818108e-02 -1.21186554e-01 -4.98003550e-02
 -2.56032959e+02 -1.69826686e-01 -6.40313187e+01 -2.78951615e-01
 -3.54714058e-02 -2.62144031e+05 -6.40311203e+01 -1.04857612e+06
 -2.06750584e+00 -2.62144062e+05 -8.19205859e+03 -3.04225646e-02
 -5.24288062e+05 -1.04857600e+06 -6.55360703e+04 -2.22921371e-03
 -3.49575132e-02 -3.71025503e-02 -1.02411389e+03 -1.28114578e+02
 -3.27681094e+04 -3.21100922e+01 -1.02411035e+03 -1.10118878e+00
 -5.90867698e-02 -1.90203667e-01 -3.27680703e+04 -4.09606494e+03
 -5.63166440e-01 -1.04857612e+06 -5.12052734e+02 -1.05498210e-01
 -1.31072078e+05 -9.14622694e-02 -5.80638111e-01 -8.19207227e+03
 -2.56085693e+02 -2.56083160e+02 -3.27680742e+04 -6.09424151e-02
 -5.37775308e-02 -1.28064438e+02 -1.28068283e+02 -1.02406873e+03
 -4.10168028e+00 -1.07526958e-01 -2.56100525e+02 -1.11893401e-01
 -1.04857612e+06 -6.15106821e-01 -1.61072483e+01 -1.28114761e+02
 -4.10379601e+00 -4.09605957e+03 -1.18754208e-02 -1.63840684e+04
 -2.56067474e+02 -2.56063812e+02 -5.24288062e+05 -1.04857612e+06
 -9.65520814e-02 -1.09886301e+00 -2.56096069e+02 -1.60708370e+01
 -6.40471725e+01 -1.28060043e+02 -5.12061340e+02 -5.58746159e-01
 -2.04806152e+03 -6.63027689e-02 -1.05790794e-01 -7.44563863e-02
 -5.12097900e+02 -3.59849900e-01 -1.61147327e+01 -6.41022644e+01
 -4.10815191e+00 -6.41131058e+01 -2.62144094e+05 -1.12966955e-01
 -4.92697656e-02 -6.55361016e+04 -8.19210254e+03 -3.69576812e-02
 -1.23025559e-01 -1.63840918e+04 -1.87440038e-01 -6.40729141e+01
 -1.04857612e+06 -1.63840625e+04 -5.24288062e+05 -1.02407202e+03
 -2.62144062e+05 -1.02408240e+03 -1.03103094e-01 -1.08038828e-01
 -1.01082817e-01 -1.02401540e-01 -1.07536249e-01 -1.08658344e-01
 -1.07494116e-01 -1.17456667e-01 -1.10020399e-01 -1.15024649e-01]
	OpName : Ops.IDENTITY
	Original : [-1.07298873e-01 -1.13882586e-01 -1.10208146e-01 -1.06535569e-01
 -1.13659836e-01 -1.09098226e-01 -1.13749474e-01 -1.13081329e-01
 -1.06505141e-01 -1.03985593e-01 -1.21175952e-01 -1.10476024e-01
 -1.04912110e-01 -9.74124968e-02 -1.02119647e-01 -1.08643375e-01
 -1.09462671e-01 -1.17121823e-01 -1.06390312e-01 -1.13136955e-01
 -1.06160499e-01 -1.12725221e-01 -1.13214575e-01 -1.03132166e-01
 -1.09969310e-01 -1.06911421e-01 -1.10390179e-01 -1.08586110e-01
 -1.06665924e-01 -1.04833998e-01 -1.14518128e-01 -1.12750955e-01
 -1.13263771e-01 -1.08348861e-01 -1.12321772e-01 -1.12951823e-01
 -1.10506579e-01 -9.20356587e-02 -1.02043353e-01 -9.71869454e-02
 -9.74628031e-02 -9.72105861e-02 -8.83287936e-02 -1.00282967e-01
 -8.30877200e-02 -9.96844694e-02 -9.20355022e-02 -1.00574493e-01
 -1.07465029e-01 -1.06812030e-01 -1.03446722e-01 -1.15860887e-01
 -1.07233137e-01 -1.09733447e-01 -1.06182709e-01 -1.03880383e-01
 -1.12254389e-01 -1.11378677e-01 -1.14547618e-01 -1.10431969e-01
 -1.13881044e-01 -1.04800791e-01 -1.04613349e-01 -5.35124913e-02
 -5.56580015e-02 -6.47638217e-02 -6.13837391e-02 -6.23370185e-02
 -6.79777041e-02 -5.54077066e-02 -5.96433654e-02 -5.98274581e-02
 -7.48962983e-02 -6.29486293e-02 -6.56817332e-02 -6.45124540e-02
 -5.55274636e-02 -6.86688721e-02 -7.27081075e-02 -8.77178609e-02
 -1.04721799e-01 -1.09577350e-01 -1.07048623e-01 -1.05590381e-01
 -1.12052821e-01 -1.11964151e-01 -1.07294641e-01 -1.10827409e-01
 -1.05435662e-01 -1.97286773e-02 -6.29722998e-02 -5.54122441e-02
 -6.71810359e-02 -5.06445989e-02 -5.44897467e-02 -2.23007593e-02
 -7.27177635e-02 -6.45395294e-02 -9.26575735e-02 -7.82418177e-02
 -8.10189918e-02 -8.51817951e-02 -7.19802827e-02 -7.09381178e-02
 -6.37025684e-02 -7.25563020e-02 -6.64488971e-02 -6.72298670e-02
 -7.39343241e-02 -9.79442522e-02 -1.04580633e-01 -1.06658556e-01
 -1.08212590e-01 -1.04621276e-01 -1.02206014e-01 -1.01147108e-01
 -8.17994997e-02 -4.46734503e-02 -6.21075407e-02 -6.01371601e-02
 -7.55170807e-02 -8.74467343e-02 -4.97500710e-02 -9.01159719e-02
 -3.77680883e-02 -5.00856787e-02 -5.47468625e-02 -4.38636914e-02
 -5.07418774e-02 -4.77033965e-02 -5.23075499e-02 -3.71471941e-02
 -4.44426797e-02 -5.14696240e-02 -6.61072209e-02 -7.57763982e-02
 -6.21599033e-02 -6.61387295e-02 -8.55649337e-02 -1.09727778e-01
 -1.02825098e-01 -1.04978889e-01 -1.12768553e-01 -8.89468342e-02
 -6.29752129e-02 -5.24655059e-02 -5.19322604e-02 -6.45175129e-02
 -4.87957336e-02 -7.54003301e-02 -4.05697711e-02 -1.60231832e-02
 -2.22784989e-02 -2.77084182e-03 -2.12162305e-02 -1.37889842e-02
 -1.21419216e-02  2.14435533e-03 -2.47290805e-02 -1.32063897e-02
 -3.18831056e-02 -3.57623026e-02 -5.12275063e-02 -3.64752002e-02
 -6.80350587e-02 -6.58743382e-02 -8.16024095e-02 -1.03083171e-01
 -1.12653457e-01 -1.05375551e-01 -1.04454294e-01 -6.66141808e-02
 -6.43117875e-02 -5.17465323e-02 -7.36919343e-02 -4.40579057e-02
 -6.86443895e-02 -4.93663214e-02 -2.23411918e-02 -1.84312891e-02
  8.90547596e-03  1.20400358e-02  1.20054036e-02 -2.56957626e-03
 -1.38386432e-02 -1.32000847e-02 -1.92769431e-02 -1.97270629e-03
 -4.00003418e-02 -2.80890632e-02 -3.79183218e-02 -7.35917836e-02
 -6.37255386e-02 -7.01207370e-02 -6.62564188e-02 -1.06933400e-01
 -1.09333389e-01 -9.48222205e-02 -9.68311429e-02 -6.43328801e-02
 -5.97216301e-02 -4.76829931e-02 -4.88539077e-02 -5.55735491e-02
 -2.75076199e-02 -1.27774775e-02 -2.51339618e-02  2.53406935e-03
 -2.09913477e-02  9.09186993e-03  1.40683390e-02  2.15890072e-02
 -2.73722783e-02  1.18700545e-02  1.53124547e-02 -2.37376913e-02
 -1.04396315e-02 -2.01449674e-02 -3.65266539e-02 -5.22671603e-02
 -6.75354823e-02 -6.60442859e-02 -6.73898011e-02 -1.06339268e-01
 -1.06642067e-01 -1.02150105e-01 -9.34925303e-02 -7.33313933e-02
 -7.23647252e-02 -7.02238008e-02 -5.36745228e-02 -7.12329522e-02
 -3.97234298e-02 -2.53244583e-03 -1.54208234e-02  1.61674991e-02
  1.89581662e-02 -2.36359593e-02  1.85355870e-03 -1.02842576e-03
 -3.56802670e-03 -6.61933143e-03  2.24354658e-02  4.22339467e-03
 -1.92676578e-02 -2.23311298e-02 -3.23195308e-02 -5.33605814e-02
 -8.01954791e-02 -6.39318824e-02 -7.55982175e-02 -5.41153178e-02
 -1.00940228e-01 -9.48239118e-02 -6.48261756e-02 -8.04026276e-02
 -5.79692945e-02 -7.07647577e-02 -3.61699797e-02 -3.55993807e-02
 -1.23683410e-02 -7.76249357e-03  1.25224143e-02 -2.79216468e-02
 -8.04419070e-03 -3.61385867e-02 -1.95920896e-02 -1.95109639e-02
 -5.03053190e-03 -3.09409504e-03 -5.38030919e-03 -8.77477042e-03
 -2.13290956e-02 -6.31836336e-03 -1.08526470e-02 -6.72788322e-02
 -6.88518435e-02 -5.80492653e-02 -7.05652535e-02 -8.05786327e-02
 -9.88807753e-02 -1.05470225e-01 -8.30574930e-02 -6.25566766e-02
 -6.00263774e-02 -6.09745495e-02 -2.90141255e-02 -4.01821248e-02
 -1.48288570e-02 -1.28075732e-02  6.72047818e-03 -4.00820673e-02
 -2.49235854e-02 -3.98995839e-02 -2.04602722e-02 -7.84192979e-03
 -1.83459297e-02 -1.01344921e-02  1.64714847e-02  1.32153425e-02
 -1.69671013e-03 -1.73827242e-02 -2.05865707e-02 -3.50811593e-02
 -6.53823614e-02 -6.50363192e-02 -6.89805895e-02 -9.96730030e-02
 -1.09436512e-01 -1.05005778e-01 -7.75969997e-02 -6.77393824e-02
 -6.35251328e-02 -3.78294922e-02 -3.07691414e-02 -1.42955165e-02
 -1.99937727e-02 -2.66326661e-03 -7.27717672e-03 -3.57301533e-02
 -1.49001405e-02 -2.96666194e-02 -3.82914506e-02 -2.92221345e-02
 -3.66111519e-03  9.22737271e-03 -2.29530800e-02 -1.95339248e-02
 -7.22438376e-03 -2.00664904e-02 -3.49663123e-02 -4.18869741e-02
 -6.31247163e-02 -7.71464333e-02 -7.61959031e-02 -1.12015083e-01
 -1.07911766e-01 -9.91257131e-02 -7.90740401e-02 -6.60371780e-02
 -5.67395464e-02 -6.20375313e-02 -2.49195658e-02 -1.77775118e-02
 -1.61914267e-02 -1.15636159e-02 -3.50053534e-02 -2.18024775e-02
 -2.33786423e-02 -2.77024209e-02 -1.78286470e-02 -3.36227659e-03
  2.89425682e-02 -1.34446919e-02  1.29868519e-02 -1.50389345e-02
 -1.35473218e-02 -4.36953530e-02 -1.62616875e-02 -5.13004102e-02
 -5.31727001e-02 -5.45488335e-02 -8.54239240e-02 -1.06172673e-01
 -1.12093158e-01 -1.03250228e-01 -5.95956929e-02 -7.64067993e-02
 -6.39244616e-02 -4.62875739e-02 -3.97711769e-02 -7.34250806e-03
 -2.86898427e-02 -8.16881657e-03 -9.19169653e-03 -1.34813925e-02
 -6.73944922e-03 -1.10623939e-02 -3.94143071e-03 -1.25685027e-02
  1.31655652e-02  1.14194443e-02 -5.98870311e-03 -9.07303393e-03
 -1.56483557e-02 -1.48358783e-02 -3.96233983e-02 -3.24901789e-02
 -6.86271712e-02 -7.73637965e-02 -8.68283957e-02 -1.04013778e-01
 -9.77713764e-02 -1.04908220e-01 -9.72620174e-02 -7.00780749e-02
 -6.48976713e-02 -4.45130579e-02 -2.41633449e-02 -1.17763057e-02
 -9.27636120e-03 -7.82384421e-04 -9.39618214e-04 -2.64242757e-02
 -9.47565492e-03 -2.91510224e-02  1.62795540e-02  1.41095801e-03
  3.58447386e-03  1.71827599e-02  1.12540834e-02  2.86054856e-04
 -3.35473269e-02 -3.64131220e-02 -4.20730636e-02 -4.96924445e-02
 -5.41258976e-02 -6.15026616e-02 -6.89710826e-02 -9.55291763e-02
 -1.01959534e-01 -1.06983803e-01 -9.08166319e-02 -5.78283593e-02
 -5.24578840e-02 -3.22522447e-02 -1.52179962e-02 -1.71058308e-02
  1.34433573e-02 -2.74196267e-03 -7.80819217e-03 -1.32448068e-02
 -1.08036473e-02 -1.01870298e-02 -1.57840420e-02  4.88920975e-03
 -2.71699438e-03  8.92526098e-03  1.69050638e-02  1.42822471e-02
 -6.18769648e-03 -1.46035589e-02 -3.62672061e-02 -5.52530773e-02
 -5.71694411e-02 -6.55378699e-02 -7.60144889e-02 -1.07993089e-01
 -1.06709108e-01 -1.11407265e-01 -7.33070299e-02 -6.39360696e-02
 -4.96097393e-02 -3.12466919e-02 -2.04869993e-02 -1.41831338e-02
 -1.85245778e-02  8.49928532e-04 -6.23793062e-03 -1.58186499e-02
 -3.25732538e-03  5.73704951e-04 -1.02348328e-02 -2.31299847e-02
 -2.03158744e-02 -1.58012416e-02 -8.28010775e-03 -1.00607025e-02
 -1.09662125e-02 -4.48198803e-03 -5.93255274e-02 -5.55551611e-02
 -6.06065132e-02 -7.21963570e-02 -8.11139122e-02 -1.04420826e-01
 -1.18726410e-01 -1.02360547e-01 -7.75477961e-02 -5.46807088e-02
 -5.79878762e-02 -2.75909901e-02 -3.21271233e-02 -3.41483450e-04
 -1.64189171e-02  9.59028397e-03  1.39262332e-02  2.56016990e-03
 -1.75161716e-02 -9.76417586e-03 -1.83227472e-02 -2.59164236e-02
 -7.10521499e-03  8.96966364e-03  1.21717649e-02  4.20535449e-03
 -1.29445354e-02 -2.97416653e-02 -4.43417206e-02 -5.07649891e-02
 -5.56987487e-02 -6.96250871e-02 -7.18274415e-02 -1.18967138e-01
 -1.13581620e-01 -1.02768637e-01 -7.38228410e-02 -6.51536807e-02
 -6.28048629e-02 -3.66564393e-02 -2.94006485e-02  1.60312658e-04
 -1.11501440e-02 -2.35043140e-03 -1.72242932e-02 -1.06128249e-02
  9.02275462e-03 -1.83110274e-02 -4.71170200e-03 -3.30647151e-03
 -8.20211042e-03  1.36822741e-02  4.93524736e-03  8.30093771e-03
 -1.42766461e-02 -1.47516932e-02 -1.49225323e-02 -3.91244926e-02
 -7.17304721e-02 -4.80227284e-02 -6.29430488e-02 -1.11398309e-01
 -1.15369394e-01 -1.01880364e-01 -6.54739439e-02 -5.76245636e-02
 -5.52215204e-02 -4.00730483e-02 -2.84151472e-02  7.83482008e-03
  1.92542793e-03 -1.46613969e-02  1.81773584e-02 -1.21499179e-02
 -3.00604570e-05  1.72522496e-02 -4.17888537e-03 -3.28601673e-02
 -1.92107912e-02  2.54313066e-03 -3.93792707e-03 -3.12297307e-05
 -3.65768075e-02 -4.31426018e-02 -4.92640771e-02 -5.74325547e-02
 -6.29964992e-02 -1.30332066e-02 -7.23169297e-02 -9.92773622e-02
 -1.04233645e-01 -1.05838262e-01 -8.00270513e-02 -5.53667210e-02
 -5.33262342e-02 -4.27614860e-02 -1.43188694e-02  3.46771791e-03
 -4.53144370e-04 -2.55044806e-03 -6.18060492e-03 -5.10365330e-03
 -4.13602544e-03 -1.53430058e-02 -8.68085492e-03 -1.11888126e-02
 -2.82690767e-03 -1.12315947e-02 -7.71158887e-03 -1.76697364e-03
 -3.64869423e-02 -4.87105772e-02 -8.10233802e-02 -6.20250814e-02
 -6.79075047e-02 -6.05733730e-02 -9.92508978e-02 -1.05520919e-01
 -1.15839474e-01 -1.04022011e-01 -8.65571275e-02 -5.90550117e-02
 -5.96524365e-02 -3.93078364e-02 -1.60994101e-02 -1.28884995e-02
 -1.13552809e-02 -4.13775258e-03  2.71674874e-03 -2.75734649e-03
 -5.77132276e-04 -2.05436423e-02  6.01794152e-03  2.07025744e-03
 -2.07457375e-02 -1.54585391e-02 -9.37609747e-03 -2.97316834e-02
 -3.06772515e-02 -4.89827432e-02 -5.80693185e-02 -4.22213674e-02
 -6.05963171e-02 -6.69236779e-02 -9.51526612e-02 -1.12883464e-01
 -1.06613502e-01 -1.15647919e-01 -7.02104867e-02 -5.49588427e-02
 -6.95183799e-02 -5.92515208e-02 -2.79380288e-02 -1.42157972e-02
 -1.45706870e-02  7.74230063e-03 -1.91907752e-02  1.31523795e-02
  1.28657473e-02 -9.81776323e-03 -1.07887182e-02 -1.18429109e-03
 -1.77597813e-02 -2.65043210e-02 -3.50180790e-02 -6.23626560e-02
 -3.22131068e-02 -5.50356321e-02 -4.54237051e-02 -7.09493235e-02
 -6.30305335e-02 -7.08827227e-02 -9.72204879e-02 -1.04960062e-01
 -1.13944493e-01 -1.05648339e-01 -7.76067898e-02 -7.24042132e-02
 -6.70220926e-02 -6.64889291e-02 -5.04468195e-02 -4.31522988e-02
 -2.12041344e-02 -7.78457848e-03 -7.87295587e-03 -1.03492439e-02
 -3.37900333e-02 -2.58830730e-02 -2.84980983e-02 -5.09005040e-02
 -4.38276753e-02 -4.70021591e-02 -3.14658917e-02 -4.92581502e-02
 -3.94945294e-02 -3.25928740e-02 -5.19901738e-02 -6.37150630e-02
 -5.28808534e-02 -8.73029158e-02 -1.06522068e-01 -1.05868287e-01
 -1.13079406e-01 -1.04344860e-01 -1.05251998e-01 -6.82945028e-02
 -6.39146045e-02 -3.50568108e-02 -5.86865507e-02 -4.78472300e-02
 -3.29448394e-02 -4.48266901e-02 -3.13166045e-02 -2.89516263e-02
 -3.15651558e-02 -4.31798212e-02 -3.11186090e-02 -6.45055473e-02
 -6.75059184e-02 -5.58342636e-02 -5.88258244e-02 -2.84694396e-02
 -5.43251745e-02 -6.16531223e-02 -7.04230443e-02 -6.47292137e-02
 -9.74575132e-02 -9.96025503e-02 -1.13860831e-01 -1.14574850e-01
 -1.08724952e-01 -1.10090621e-01 -1.10395215e-01 -1.01188801e-01
 -6.10398948e-02 -6.52036741e-02 -7.21122250e-02 -6.51604980e-02
 -6.31664619e-02 -7.09197596e-02 -5.27530313e-02 -4.29982059e-02
 -7.31428266e-02 -9.04857069e-02 -8.06380883e-02 -7.20291287e-02
 -8.56881961e-02 -8.31456631e-02 -7.32233375e-02 -6.19189776e-02
 -6.15900308e-02 -6.44392073e-02 -6.82819709e-02 -6.87081069e-02
 -1.01680055e-01 -1.08503520e-01 -1.00515701e-01 -1.15799651e-01
 -1.05635382e-01 -1.15106814e-01 -1.07248791e-01 -1.14758715e-01
 -1.03795834e-01 -5.97082824e-02 -7.43754208e-02 -6.86941668e-02
 -6.74851686e-02 -6.38274327e-02 -6.19486384e-02 -7.80611858e-02
 -1.04364581e-01 -9.88630578e-02 -9.60765034e-02 -7.08362162e-02
 -4.71718721e-02 -6.00507371e-02 -6.13471568e-02 -5.87461330e-02
 -6.15088828e-02 -6.43496439e-02 -1.01884544e-01 -1.05706386e-01
 -9.79218408e-02 -1.09849900e-01 -1.14733607e-01 -1.02268040e-01
 -1.08151808e-01 -1.13104805e-01 -1.02832064e-01 -1.11013830e-01
 -1.11769766e-01 -1.00989915e-01 -1.02196328e-01 -9.94576812e-02
 -1.07400559e-01 -9.19716284e-02 -6.24400340e-02 -7.29159340e-02
 -8.11323598e-02 -6.31201416e-02 -6.94332570e-02 -7.19993487e-02
 -7.33382031e-02 -8.24141726e-02 -1.03103094e-01 -1.08038828e-01
 -1.01082817e-01 -1.02401540e-01 -1.07536249e-01 -1.08658344e-01
 -1.07494116e-01 -1.17456667e-01 -1.10020399e-01 -1.15024649e-01]
	Time : 0:00:01.697164
 }
{
	Count : 1
	Injected : [[-0.01096445 -0.03651473  0.25004888 ... -0.59084547  0.3639987
   0.05311032]
 [-0.08988833  0.20240065 -0.01711208 ... -0.31535923  0.15430664
   0.00726272]
 [ 0.20875648 -0.14814427  0.02733904 ... -0.21017872 -0.11110204
  -0.24049571]
 ...
 [-0.11219875 -0.3228735  -0.1481619  ...  0.33822876  0.08146087
   0.04363899]
 [-0.25819623 -0.3145436  -0.10337903 ... -0.20568612  0.38451675
   0.06887194]
 [-0.03494438  0.00698913  0.40128413 ... -0.2609432   0.02826687
   0.36230984]]
	OpName : Ops.IDENTITY
	Original : [[-0.01096445 -0.03651473  0.25004888 ... -0.59084547  0.3639987
   0.05311032]
 [-0.08988833  0.20240065 -0.01711208 ... -0.31535923  0.15430664
   0.00726272]
 [ 0.20875648 -0.14814427  0.02733904 ... -0.21017872 -0.11110204
  -0.24049571]
 ...
 [-0.11219875 -0.3228735  -0.1481619  ...  0.33822876  0.08146087
   0.04363899]
 [-0.25819623 -0.3145436  -0.10337903 ... -0.20568612  0.38451675
   0.06887194]
 [-0.03494438  0.00698913  0.40128413 ... -0.2609432   0.02826687
   0.36230984]]
	Time : 0:00:01.894779
 }
{
	Count : 5
	Injected : [[-4.1204528e+05  1.1357495e+00 -2.0794568e+00 ... -8.4330616e+00
  -1.0301001e+05  7.1624961e+00]
 [-1.0317748e+05  1.0005016e+00  1.1222636e+00 ... -1.8728591e+00
  -2.5794826e+04  3.5474894e+00]
 [ 4.7766438e+05 -1.7912079e+01  3.4943066e+01 ...  4.1047036e+03
   1.1941605e+05 -1.6391256e+04]
 [-1.7710311e+05  1.2260594e+00 -1.3204131e+00 ... -2.7225389e+00
  -4.4275074e+04  2.9328706e+00]]
	OpName : Ops.MATMUL
	Original : [[-4.1204528e+05  1.1357495e+00 -2.0794568e+00 ... -8.4330616e+00
  -1.0301001e+05  7.1624961e+00]
 [-1.0317748e+05  1.0005016e+00  1.1222636e+00 ... -1.8728591e+00
  -2.5794826e+04  3.5474894e+00]
 [ 4.7766412e+05 -1.9120795e+00  2.9430673e+00 ...  8.7038450e+00
   1.1941604e+05 -7.2558913e+00]
 [-1.7710311e+05  1.2260594e+00 -1.3204131e+00 ... -2.7225389e+00
  -4.4275074e+04  2.9328706e+00]]
	Time : 0:00:01.971784
 }
{
	Count : 6
	Injected : [[-4.1204316e+05  1.7274775e+01  2.0864134e+00 ... -8.1645212e+00
  -1.0300991e+05  7.3706136e+00]
 [-1.0317534e+05  1.7139526e+01  5.2881336e+00 ... -1.6043186e+00
  -2.5794721e+04  3.7556069e+00]
 [ 5.1043450e+05 -3.3773056e+01  3.2807109e+04 ...  5.2839300e+05
   1.1941815e+05 -1.6399047e+04]
 [-1.7710098e+05  1.7365084e+01  2.8454571e+00 ... -2.4539983e+00
  -4.4274969e+04  3.1409881e+00]]
	OpName : Ops.ADD
	Original : [[-4.1204316e+05  1.7274775e+01  2.0864134e+00 ... -8.1645212e+00
  -1.0300991e+05  7.3706136e+00]
 [-1.0317534e+05  1.7139526e+01  5.2881336e+00 ... -1.6043186e+00
  -2.5794721e+04  3.7556069e+00]
 [ 4.7766650e+05 -1.7730541e+00  3.9108936e+01 ...  4.1049722e+03
   1.1941615e+05 -1.6391047e+04]
 [-1.7710098e+05  1.7365084e+01  2.8454571e+00 ... -2.4539983e+00
  -4.4274969e+04  3.1409881e+00]]
	Time : 0:00:02.012262
 }
{
	Count : 7
	Injected : [[0.0000000e+00 1.7274775e+01 2.0864134e+00 ... 0.0000000e+00
  0.0000000e+00 7.3706136e+00]
 [6.4000000e+01 1.7140503e+01 1.6389289e+04 ... 5.2428800e+05
  1.0000000e+00 2.6214775e+05]
 [5.1043450e+05 0.0000000e+00 3.2807109e+04 ... 5.2839300e+05
  1.1941815e+05 0.0000000e+00]
 [0.0000000e+00 1.7365084e+01 2.8454571e+00 ... 0.0000000e+00
  0.0000000e+00 3.1409881e+00]]
	OpName : Ops.RELU
	Original : [[0.0000000e+00 1.7274775e+01 2.0864134e+00 ... 0.0000000e+00
  0.0000000e+00 7.3706136e+00]
 [0.0000000e+00 1.7139526e+01 5.2881336e+00 ... 0.0000000e+00
  0.0000000e+00 3.7556069e+00]
 [5.1043450e+05 0.0000000e+00 3.2807109e+04 ... 5.2839300e+05
  1.1941815e+05 0.0000000e+00]
 [0.0000000e+00 1.7365084e+01 2.8454571e+00 ... 0.0000000e+00
  0.0000000e+00 3.1409881e+00]]
	Time : 0:00:02.034720
 }
{
	Count : 8
	Injected : [[-1.7182468e+10 -3.7509192e+06 -3.9341562e+06 ... -3.3606835e+06
  -1.1325423e+07 -1.0994598e+12]
 [-1.6111100e+10 -5.2446865e+06 -5.2894990e+06 ... -5.6556450e+06
  -1.1980164e+07 -1.0307849e+12]
 [-1.7252512e+10 -5.0351895e+06 -5.3628515e+06 ... -4.9588460e+06
  -1.2727589e+07 -1.1683115e+12]
 [-1.7182515e+10 -3.2786425e+06 -3.1987392e+06 ... -2.7467612e+06
  -1.0848621e+07 -1.0994926e+12]]
	OpName : Ops.MATMUL
	Original : [[-1.7182468e+10 -3.7509192e+06 -3.9341562e+06 ... -3.3606835e+06
  -1.1325423e+07 -1.0994598e+12]
 [-1.6111100e+10 -5.2446865e+06 -5.2894990e+06 ... -5.6556450e+06
  -1.1980164e+07 -1.0307849e+12]
 [-1.7185403e+10 -5.0357015e+06 -5.3628555e+06 ... -4.9588455e+06
  -1.2989733e+07 -1.0995920e+12]
 [-1.7182515e+10 -3.2786425e+06 -3.1987392e+06 ... -2.7467612e+06
  -1.0848621e+07 -1.0994926e+12]]
	Time : 0:00:02.061674
 }
{
	Count : 9
	Injected : [[-1.7183517e+10 -3.7509195e+06 -3.9996922e+06 ... -3.3606835e+06
  -1.1325423e+07 -1.0994598e+12]
 [-1.6112151e+10 -5.2446865e+06 -7.4521870e+06 ... -5.6535970e+06
  -1.1980166e+07 -4.8102906e+11]
 [-1.7253560e+10 -5.0351895e+06 -5.4283875e+06 ... -4.9588460e+06
  -1.2727589e+07 -1.1683115e+12]
 [-1.7183564e+10 -3.2786428e+06 -3.2642752e+06 ... -2.7467612e+06
  -1.0848621e+07 -1.0994926e+12]]
	OpName : Ops.ADD
	Original : [[-1.7183517e+10 -3.7509195e+06 -3.9996922e+06 ... -3.3606835e+06
  -1.1325423e+07 -1.0994598e+12]
 [-1.6112148e+10 -5.2446865e+06 -5.3550350e+06 ... -5.6556450e+06
  -1.1980164e+07 -1.0307849e+12]
 [-1.7253560e+10 -5.0351895e+06 -5.4283875e+06 ... -4.9588460e+06
  -1.2727589e+07 -1.1683115e+12]
 [-1.7183564e+10 -3.2786428e+06 -3.2642752e+06 ... -2.7467612e+06
  -1.0848621e+07 -1.0994926e+12]]
	Time : 0:00:02.086807
 }
{
	Count : 10
	Injected : [[0.00000e+00 0.00000e+00 0.00000e+00 ... 0.00000e+00 0.00000e+00
  0.00000e+00]
 [0.00000e+00 0.00000e+00 0.00000e+00 ... 0.00000e+00 0.00000e+00
  0.00000e+00]
 [0.00000e+00 0.00000e+00 0.00000e+00 ... 0.00000e+00 0.00000e+00
  0.00000e+00]
 [8.00000e+00 1.60000e+01 5.24288e+05 ... 4.09600e+03 1.28000e+02
  1.60000e+01]]
	OpName : Ops.SIGMOID
	Original : [[0. 0. 0. ... 0. 0. 0.]
 [0. 0. 0. ... 0. 0. 0.]
 [0. 0. 0. ... 0. 0. 0.]
 [0. 0. 0. ... 0. 0. 0.]]
	Time : 0:00:02.097161
 }
{
	Count : 1
	Injected : [[-0.01096445 -0.03651473  0.25004888 ... -0.59084547  0.3639987
   0.05311032]
 [-0.08988833  0.20240065 -0.01711208 ... -0.31535923  0.15430664
   0.00726272]
 [ 0.20875648 -0.14814427  0.02733904 ... -0.21017872 -0.11110204
  -0.24049571]
 ...
 [-0.11219875 -0.3228735  -0.1481619  ...  0.33822876  0.08146087
   0.04363899]
 [-0.25819623 -0.3145436  -0.10337903 ... -0.20568612  0.38451675
   0.06887194]
 [-0.03494438  0.00698913  0.40128413 ... -0.2609432   0.02826687
   0.36230984]]
	OpName : Ops.IDENTITY
	Original : [[-0.01096445 -0.03651473  0.25004888 ... -0.59084547  0.3639987
   0.05311032]
 [-0.08988833  0.20240065 -0.01711208 ... -0.31535923  0.15430664
   0.00726272]
 [ 0.20875648 -0.14814427  0.02733904 ... -0.21017872 -0.11110204
  -0.24049571]
 ...
 [-0.11219875 -0.3228735  -0.1481619  ...  0.33822876  0.08146087
   0.04363899]
 [-0.25819623 -0.3145436  -0.10337903 ... -0.20568612  0.38451675
   0.06887194]
 [-0.03494438  0.00698913  0.40128413 ... -0.2609432   0.02826687
   0.36230984]]
	Time : 0:00:02.179475
 }
{
	Count : 5
	Injected : [[-9.5135584e-02 -4.9931609e+04 -2.4966514e+04 ...  9.9089417e+01
   1.5602083e+03 -9.1225415e-01]
 [-6.8285042e-01 -3.4657855e+04 -1.7325320e+04 ...  5.2435731e+05
   1.0824291e+03  1.2814641e+02]
 [-1.2074327e+00 -4.1825699e+04 -2.0911979e+04 ...  8.1160660e+01
   1.3091799e+03 -3.9197391e-01]
 [-6.5440482e-01 -8.7356436e+03 -4.3684604e+03 ...  1.6159019e+01
   2.7170856e+02 -2.0430081e+00]]
	OpName : Ops.MATMUL
	Original : [[-9.5135584e-02 -4.9931609e+04 -2.4966514e+04 ...  9.9089417e+01
   1.5602083e+03 -9.1225415e-01]
 [-6.8089730e-01 -3.4656855e+04 -1.7327320e+04 ...  6.9317429e+01
   1.0824271e+03  1.4640358e-01]
 [-1.2074327e+00 -4.1825699e+04 -2.0911979e+04 ...  8.1160660e+01
   1.3091799e+03 -3.9197391e-01]
 [-6.5440482e-01 -8.7356436e+03 -4.3684604e+03 ...  1.6159019e+01
   2.7170856e+02 -2.0430081e+00]]
	Time : 0:00:02.252750
 }
{
	Count : 6
	Injected : [[ 2.6316803e+05 -4.7883484e+04 -1.0730304e+06 ...  1.3117136e+05
   1.5443134e+03 -2.5670413e+02]
 [ 2.6214344e+05 -3.2609717e+04 -1.6813154e+04 ...  5.2435756e+05
   1.0825342e+03  1.2835452e+02]
 [ 2.6214292e+05 -3.9777559e+04 -2.0399812e+04 ...  8.1429199e+01
   1.3092850e+03 -1.8385646e-01]
 [ 2.6214347e+05 -6.6875049e+03 -3.8562944e+03 ...  1.6427561e+01
   2.7181369e+02 -1.8348906e+00]]
	OpName : Ops.ADD
	Original : [[ 2.6214403e+05 -4.7883469e+04 -2.4454348e+04 ...  9.9357956e+01
   1.5603134e+03 -7.0413673e-01]
 [ 2.6214344e+05 -3.2609717e+04 -1.6813154e+04 ...  5.2435756e+05
   1.0825342e+03  1.2835452e+02]
 [ 2.6214292e+05 -3.9777559e+04 -2.0399812e+04 ...  8.1429199e+01
   1.3092850e+03 -1.8385646e-01]
 [ 2.6214347e+05 -6.6875049e+03 -3.8562944e+03 ...  1.6427561e+01
   2.7181369e+02 -1.8348906e+00]]
	Time : 0:00:02.325384
 }
{
	Count : 7
	Injected : [[2.6316803e+05 0.0000000e+00 0.0000000e+00 ... 1.3117136e+05
  1.5443134e+03 0.0000000e+00]
 [2.6214344e+05 0.0000000e+00 0.0000000e+00 ... 5.2435756e+05
  1.0825342e+03 1.2835452e+02]
 [2.6214092e+05 5.2428800e+05 8.0000000e+00 ... 3.3742920e+02
  1.3093475e+03 8.1920000e+03]
 [2.6214347e+05 0.0000000e+00 0.0000000e+00 ... 1.6427561e+01
  2.7181369e+02 0.0000000e+00]]
	OpName : Ops.RELU
	Original : [[2.6316803e+05 0.0000000e+00 0.0000000e+00 ... 1.3117136e+05
  1.5443134e+03 0.0000000e+00]
 [2.6214344e+05 0.0000000e+00 0.0000000e+00 ... 5.2435756e+05
  1.0825342e+03 1.2835452e+02]
 [2.6214292e+05 0.0000000e+00 0.0000000e+00 ... 8.1429199e+01
  1.3092850e+03 0.0000000e+00]
 [2.6214347e+05 0.0000000e+00 0.0000000e+00 ... 1.6427561e+01
  2.7181369e+02 0.0000000e+00]]
	Time : 0:00:02.337463
 }
{
	Count : 8
	Injected : [[-3.59865925e+06 -4.31935650e+06 -8.18548326e+09 ...  1.01860634e+09
  -4.00773400e+06 -6.20313200e+06]
 [-2.81837600e+06 -3.79401725e+06 -8.30964122e+09 ...  1.03469126e+09
  -3.90843925e+06 -6.03931700e+06]
 [-4.03650350e+06 -4.85737250e+06 -8.24846848e+09 ...  1.02599482e+09
  -4.71964150e+06 -4.77915200e+06]
 [-1.50962112e+06 -2.38934800e+06 -8.52081408e+09 ...  1.06279418e+09
  -2.20104050e+06 -4.37185800e+06]]
	OpName : Ops.MATMUL
	Original : [[-3.59865925e+06 -4.31935650e+06 -8.18548326e+09 ...  1.01860634e+09
  -4.00773400e+06 -6.20313200e+06]
 [-2.81837600e+06 -3.79401725e+06 -8.30964122e+09 ...  1.03469126e+09
  -3.90843925e+06 -6.03931700e+06]
 [-4.03599150e+06 -4.85686050e+06 -8.25266278e+09 ...  1.02599482e+09
  -4.71967350e+06 -6.87630400e+06]
 [-1.50962112e+06 -2.38934800e+06 -8.52081408e+09 ...  1.06279418e+09
  -2.20104050e+06 -4.37185800e+06]]
	Time : 0:00:02.358906
 }
{
	Count : 9
	Injected : [[-3.59865925e+06 -4.33983650e+06 -8.18549965e+09 ...  1.01860634e+09
  -4.00774200e+06 -6.20338800e+06]
 [-2.81837600e+06 -3.81040125e+06 -8.30964122e+09 ...  1.03469126e+09
  -3.90843925e+06 -6.03931700e+06]
 [-4.03650350e+06 -4.87375650e+06 -8.24846848e+09 ...  1.02599482e+09
  -4.71964150e+06 -4.77915200e+06]
 [-1.50962125e+06 -2.40573200e+06 -8.52081408e+09 ...  1.06279418e+09
  -2.20104050e+06 -4.37185800e+06]]
	OpName : Ops.ADD
	Original : [[-3.59865925e+06 -4.33574050e+06 -8.18548326e+09 ...  1.01860634e+09
  -4.00773400e+06 -6.20313200e+06]
 [-2.81837600e+06 -3.81040125e+06 -8.30964122e+09 ...  1.03469126e+09
  -3.90843925e+06 -6.03931700e+06]
 [-4.03650350e+06 -4.87375650e+06 -8.24846848e+09 ...  1.02599482e+09
  -4.71964150e+06 -4.77915200e+06]
 [-1.50962125e+06 -2.40573200e+06 -8.52081408e+09 ...  1.06279418e+09
  -2.20104050e+06 -4.37185800e+06]]
	Time : 0:00:02.387852
 }
{
	Count : 10
	Injected : [[6.40000e+01 1.31072e+05 5.12000e+02 ... 1.31073e+05 5.12000e+02
  3.27680e+04]
 [0.00000e+00 0.00000e+00 0.00000e+00 ... 1.00000e+00 0.00000e+00
  0.00000e+00]
 [0.00000e+00 0.00000e+00 0.00000e+00 ... 1.00000e+00 0.00000e+00
  0.00000e+00]
 [0.00000e+00 0.00000e+00 0.00000e+00 ... 1.00000e+00 0.00000e+00
  0.00000e+00]]
	OpName : Ops.SIGMOID
	Original : [[0. 0. 0. ... 1. 0. 0.]
 [0. 0. 0. ... 1. 0. 0.]
 [0. 0. 0. ... 1. 0. 0.]
 [0. 0. 0. ... 1. 0. 0.]]
	Time : 0:00:02.400564
 }
{
	Count : 2
	Injected : [[-0.01096445 -0.03651473  0.25004888 ... -0.59084547  0.3639987
   0.05311032]
 [-0.08988833  0.20240065 -0.01711208 ... -0.31535923  0.15430664
   0.00726272]
 [ 0.20875648 -0.14814427  0.02733904 ... -0.21017872 -0.11110204
  -0.24049571]
 ...
 [-0.11219875 -0.3228735  -0.1481619  ...  0.33822876  0.08146087
   0.04363899]
 [-0.25819623 -0.3145436  -0.10337903 ... -0.20568612  0.38451675
   0.06887194]
 [-0.03494438  0.00698913  0.40128413 ... -0.2609432   0.02826687
   0.36230984]]
	OpName : Ops.IDENTITY
	Original : [[-0.01096445 -0.03651473  0.25004888 ... -0.59084547  0.3639987
   0.05311032]
 [-0.08988833  0.20240065 -0.01711208 ... -0.31535923  0.15430664
   0.00726272]
 [ 0.20875648 -0.14814427  0.02733904 ... -0.21017872 -0.11110204
  -0.24049571]
 ...
 [-0.11219875 -0.3228735  -0.1481619  ...  0.33822876  0.08146087
   0.04363899]
 [-0.25819623 -0.3145436  -0.10337903 ... -0.20568612  0.38451675
   0.06887194]
 [-0.03494438  0.00698913  0.40128413 ... -0.2609432   0.02826687
   0.36230984]]
	Time : 0:00:02.483587
 }
{
	Count : 5
	Injected : [[ 1.03947091e+00 -1.67326248e+00 -1.03691297e+05 ...  4.14767844e+05
   1.03693523e+05  6.47259057e-01]
 [-8.19287109e+03 -5.24289250e+05  4.46044492e+04 ... -1.21880850e+06
  -4.25581953e+04 -1.02463538e+03]
 [ 3.91671133e+00  2.51947570e+00 -3.22544355e+04 ...  1.29021016e+05
   3.22571113e+04 -2.56699651e-01]
 [ 1.96395472e-01 -1.59525275e+00 -1.12164414e+05 ...  4.48663812e+05
   1.12167734e+05  1.19331889e-02]]
	OpName : Ops.MATMUL
	Original : [[ 1.03947091e+00 -1.67326248e+00 -1.03691297e+05 ...  4.14767844e+05
   1.03693523e+05  6.47259057e-01]
 [-8.70984614e-01 -1.27116036e+00  4.25564492e+04 ... -1.70232547e+05
  -4.25582109e+04 -6.35425568e-01]
 [ 3.91671133e+00  2.51947570e+00 -3.22544355e+04 ...  1.29021016e+05
   3.22571113e+04 -2.56699651e-01]
 [ 1.96395472e-01 -1.59525275e+00 -1.12164414e+05 ...  4.48663812e+05
   1.12167734e+05  1.19331889e-02]]
	Time : 0:00:02.552376
 }
{
	Count : 6
	Injected : [[ 1.63851680e+04 -5.34237266e-01 -1.03691133e+05 ...  4.14768125e+05
   1.03693625e+05  8.55376482e-01]
 [ 7.67925781e+03 -5.24800125e+05  4.48606133e+04 ... -1.21880825e+06
  -4.25580859e+04 -1.03242725e+03]
 [ 1.63880449e+04  3.65850091e+00 -3.22542715e+04 ...  1.29021281e+05
   3.22572168e+04 -4.85821962e-02]
 [ 1.63843262e+04 -4.56227541e-01 -1.12164250e+05 ...  4.48664094e+05
   1.12167836e+05  2.20050648e-01]]
	OpName : Ops.ADD
	Original : [[ 1.63851680e+04 -5.34237266e-01 -1.03691133e+05 ...  4.14768125e+05
   1.03693625e+05  8.55376482e-01]
 [ 8.19125781e+03 -5.24288125e+05  4.46046133e+04 ... -1.21880825e+06
  -4.25580898e+04 -1.02442725e+03]
 [ 1.63880449e+04  3.65850091e+00 -3.22542715e+04 ...  1.29021281e+05
   3.22572168e+04 -4.85821962e-02]
 [ 1.63843262e+04 -4.56227541e-01 -1.12164250e+05 ...  4.48664094e+05
   1.12167836e+05  2.20050648e-01]]
	Time : 0:00:02.602840
 }
{
	Count : 7
	Injected : [[1.63851680e+04 0.00000000e+00 0.00000000e+00 ... 4.14768125e+05
  1.03693625e+05 8.55376482e-01]
 [7.67925781e+03 0.00000000e+00 4.48606133e+04 ... 0.00000000e+00
  0.00000000e+00 0.00000000e+00]
 [1.63880449e+04 3.65850091e+00 0.00000000e+00 ... 1.29021281e+05
  3.22572168e+04 0.00000000e+00]
 [1.47456328e+05 3.27680000e+04 6.55360000e+04 ... 1.49724012e+06
  3.74311844e+05 5.12220032e+02]]
	OpName : Ops.RELU
	Original : [[1.63851680e+04 0.00000000e+00 0.00000000e+00 ... 4.14768125e+05
  1.03693625e+05 8.55376482e-01]
 [7.67925781e+03 0.00000000e+00 4.48606133e+04 ... 0.00000000e+00
  0.00000000e+00 0.00000000e+00]
 [1.63880449e+04 3.65850091e+00 0.00000000e+00 ... 1.29021281e+05
  3.22572168e+04 0.00000000e+00]
 [1.63843262e+04 0.00000000e+00 0.00000000e+00 ... 4.48664094e+05
  1.12167836e+05 2.20050648e-01]]
	Time : 0:00:02.627220
 }
{
	Count : 8
	Injected : [[-2.8579532e+06 -3.3078775e+06 -2.1866438e+06 ... -3.2570858e+06
  -2.7473008e+06 -2.6391152e+06]
 [-3.7573070e+06 -4.0181018e+06 -3.0224130e+06 ... -3.9344788e+06
  -3.5677522e+06 -3.9582055e+06]
 [-2.3566480e+06 -2.8724810e+06 -1.7264331e+06 ... -2.7230025e+06
  -2.2404775e+06 -2.1811328e+06]
 [-5.2653955e+06 -1.3993541e+08 -2.1521175e+09 ... -2.2437642e+07
  -1.3856277e+07 -2.7345082e+08]]
	OpName : Ops.MATMUL
	Original : [[-2.8579532e+06 -3.3078775e+06 -2.1866438e+06 ... -3.2570858e+06
  -2.7473008e+06 -2.6391152e+06]
 [-3.7573070e+06 -4.0181018e+06 -3.0224130e+06 ... -3.9344788e+06
  -3.5677522e+06 -3.9582055e+06]
 [-2.3566480e+06 -2.8724810e+06 -1.7264331e+06 ... -2.7230025e+06
  -2.2404775e+06 -2.1811328e+06]
 [-5.2651395e+06 -1.3995179e+08 -2.1521134e+09 ... -2.2437706e+07
  -1.3848085e+07 -2.7345286e+08]]
	Time : 0:00:02.655895
 }
{
	Count : 9
	Injected : [[-2.9234892e+06 -3.3734135e+06 -2.1866448e+06 ... -3.2570858e+06
  -2.7473008e+06 -2.6391152e+06]
 [-3.8228430e+06 -4.0836378e+06 -3.0224140e+06 ... -3.9344788e+06
  -3.5677522e+06 -3.9582055e+06]
 [-2.4180880e+06 -2.9400650e+06 -1.7264345e+06 ... -2.7230028e+06
  -2.2404765e+06 -2.1852288e+06]
 [-5.3309315e+06 -1.4000094e+08 -2.1521175e+09 ... -2.2437642e+07
  -1.3856277e+07 -2.7345082e+08]]
	OpName : Ops.ADD
	Original : [[-2.9234892e+06 -3.3734135e+06 -2.1866448e+06 ... -3.2570858e+06
  -2.7473008e+06 -2.6391152e+06]
 [-3.8228430e+06 -4.0836378e+06 -3.0224140e+06 ... -3.9344788e+06
  -3.5677522e+06 -3.9582055e+06]
 [-2.4221840e+06 -2.9380170e+06 -1.7264342e+06 ... -2.7230025e+06
  -2.2404775e+06 -2.1811328e+06]
 [-5.3309315e+06 -1.4000094e+08 -2.1521175e+09 ... -2.2437642e+07
  -1.3856277e+07 -2.7345082e+08]]
	Time : 0:00:02.687509
 }
{
	Count : 10
	Injected : [[0.000000e+00 0.000000e+00 0.000000e+00 ... 0.000000e+00 0.000000e+00
  0.000000e+00]
 [0.000000e+00 0.000000e+00 0.000000e+00 ... 0.000000e+00 0.000000e+00
  0.000000e+00]
 [0.000000e+00 0.000000e+00 0.000000e+00 ... 0.000000e+00 0.000000e+00
  0.000000e+00]
 [1.600000e+01 4.096000e+03 1.280000e+02 ... 6.400000e+01 1.024000e+03
  1.048576e+06]]
	OpName : Ops.SIGMOID
	Original : [[0. 0. 0. ... 0. 0. 0.]
 [0. 0. 0. ... 0. 0. 0.]
 [0. 0. 0. ... 0. 0. 0.]
 [0. 0. 0. ... 0. 0. 0.]]
	Time : 0:00:02.698764
 }

---------------------------------------
Done injections
