Starting log at 2022-04-20 18:46:39.772221

{
	Count : 3
	Injected : [ 1.31191760e-01  3.89025152e-01  4.08703089e-02  2.12543368e+00
  2.13943672e+00  2.13219330e-01  3.27681367e+04  3.80049765e-01
  4.00965095e-01  1.61737671e+01  5.12201233e+02  2.39241377e-01
  4.32073146e-01  1.28223846e+02  1.62820206e+01  4.26042557e-01
  1.68715522e-01  1.04857625e+06  2.95848101e-01  1.10051334e+00
  8.19218652e+03  4.31446165e-01  2.36526594e-01  9.63568091e-01
  1.28156769e+02  5.12183838e+02  3.85963142e-01 -1.28044937e+02
  8.19234961e+03  8.17167950e+00  3.27681523e+04  4.09614160e+03
  6.41602631e+01  4.19907141e+00  2.32414079e+00  2.63615847e-01
  1.02404395e+03  1.15666938e+00  4.09611230e+03  2.56232758e+02
  2.62144312e+05  1.04857625e+06  6.55362500e+04  2.04826831e+03
  6.41438522e+01  3.27682422e+04  6.42599869e+01  1.25048947e+00
  1.77727640e-01  6.13279641e-03  1.63841914e+04  1.28163727e+02
  4.09619678e+03  2.62144094e+05  8.29974937e+00  4.11234736e-01
  2.47044384e-01  8.19212598e+03  1.28148575e+02  1.04857638e+06
  4.09612695e+03  2.34331656e+00  9.83746275e-02  6.55361328e+04
  3.27681367e+04  7.04303861e-01  2.87131876e-01  3.00157249e-01
  3.27682109e+04  1.64802551e-01  2.56157471e+02  6.41260452e+01
  2.62144344e+05  9.56879705e-02  1.26551533e+00  2.40156531e+00
  8.19228125e+03  8.19229980e+03  6.55361484e+04  1.02428357e+03
  8.08201122e+00  6.55361719e+04  3.42228651e-01  1.63842109e+04
  2.04821802e+03  2.15297246e+00  2.62144250e+05  2.76995391e-01
  1.48241252e-01  6.42496872e+01  2.29564738e+00  8.19215430e+03
  2.56157623e+02  5.24288250e+05  8.19218164e+03  3.22046585e+01
  4.70416248e-03  2.04837134e+03  8.07212925e+00  5.12147400e+02
  1.29898578e-01  3.03716570e-01  1.32626325e-01  6.55364688e+04
  2.62144344e+05  8.41420650e-01  1.31072344e+05  2.10325047e-01
  6.55362812e+04  1.56865120e-02  2.04818896e+03  5.24288125e+05
  4.09077466e-01  3.27682812e+04  7.59296536e-01  2.62144344e+05
  2.43994522e+00  4.09617725e+03  2.34477237e-01  3.42301577e-01
  8.19230762e+03  1.04857625e+06  5.12122681e+02  1.01905026e-01
  4.09616992e+03  1.16764164e+00  2.04809424e+03  1.02425049e+03
  2.13616872e+00  6.90537095e-01  2.56012756e+02  1.26856491e-01
  1.94317192e-01  3.85007024e-01  5.12081421e+02  1.26278460e+00
  2.04831421e+03  8.19222070e+03  1.60594654e+01  1.75472632e-01
  6.55361250e+04  2.56103943e+02  1.17921376e+00  4.25239652e-01
  1.28144958e+02  4.19776869e+00  1.27564371e-03  1.31072234e+05
  3.22339478e+01  6.46238506e-01  6.49061203e-02  8.13477802e+00
  2.27634144e+00  1.28210556e+02  7.51236975e-01  4.09606348e+03
  1.18988223e-01  2.56166962e+02  1.37018889e-01  3.94051671e-01
  3.22109871e+01  1.47844076e-01  5.12201721e+02  1.58519149e-01
  6.55363750e+04  4.25029182e+00  8.13766479e+00  3.27682812e+04
  3.27681094e+04  1.28299759e+02  2.00348943e-01  2.62144344e+05
  2.53168970e-01  8.10689354e+00  7.68556118e-01  7.07972348e-01
  5.12207581e+02  1.51298687e-01  8.19220703e+03  2.61839449e-01
  3.96195054e-01  2.03806967e-01  1.40795147e+00  6.53905198e-02
  1.04857612e+06  1.31072203e+05  8.08022916e-02  1.31072328e+05
  2.62144375e+05  4.38048959e-01  3.27683164e+04  3.69798690e-02
  8.19224414e+03  3.22480392e+01  1.63841836e+04  5.12077881e+02
  1.13901043e+00  8.19225781e+03  3.43033284e-01  1.28139160e+02
  8.24491382e-01 -2.05502081e+00  2.26787925e+00  1.14181435e+00
  1.31072266e+05  2.04810400e+03  1.63841738e+04  1.28124481e+02
  2.17636156e+00  1.85991034e-01  5.12174561e+02  8.04824829e+00
  5.24288125e+05  1.16848910e+00  2.65199184e-01  1.04857625e+06
  1.62381134e+01  4.23908234e+00  2.62144156e+05  1.82259992e-01
  1.28117004e+02  3.27682617e+04  1.63840703e+04  2.45482731e+00
  6.22892529e-02  5.24288188e+05  1.63841484e+04  6.55361719e+04
  4.03190821e-01  1.31072141e+05  3.27681641e+04  5.12223083e+02
  3.33699167e-01  2.62144094e+05  2.56042175e+02  1.05886348e-01
  1.11594073e-01  8.09181213e+00 -1.31072016e+05  9.60697383e-02
  6.41887512e+01  3.67319763e-01  3.12492192e-01  6.55361172e+04
  6.55362266e+04  2.04833081e+03  1.59732252e-01  9.98629406e-02
  2.70799279e-01  2.32007220e-01  2.90983617e-01  2.34116271e-01
  1.90800577e-01  2.68540531e-01  1.05142027e-01  2.08117455e-01]
	OpName : Ops.IDENTITY
	Original : [ 0.12923864  0.13902517  0.16587031  0.12543361  0.1394368   0.20540683
  0.13715588  0.13004975  0.40487134  0.17376685  0.2012291   0.24021794
  0.4359794   0.22385281  0.28202042  0.30104256  0.16480927  0.18953183
  0.29682466  0.10051332  0.18653317  0.30644616  0.2052766   0.4635681
  0.15676902  0.18386054  0.13596314 -0.04494235  0.34958586  0.17167963
  0.15177539  0.14177719  0.16026004  0.19907154  0.3241407   0.29486585
  0.04393452  0.15666942  0.11214451  0.23276988  0.3001344   0.22099148
  0.2527244   0.26828596  0.14385466  0.24265914  0.25998828  0.25048944
  0.17675108  0.1311328   0.19191508  0.16371949  0.19664346  0.10188107
  0.29974958  0.4073285   0.21579438  0.12638536  0.14857323  0.33418313
  0.12687507  0.34331647  0.09935119  0.13606848  0.13632563  0.20430386
  0.28517875  0.2991807   0.21116492  0.18042755  0.15748012  0.12604202
  0.3333705   0.22068797  0.26551533  0.4015654   0.28158802  0.30025938
  0.14933749  0.28359804  0.08201101  0.1728381   0.33441615  0.2104235
  0.21808136  0.1529724   0.25084552  0.2613704   0.14726469  0.24968772
  0.29564738  0.15421791  0.15761502  0.23462828  0.18190588  0.2046602
  0.12970416  0.3714227   0.07212938  0.14740789  0.19239858  0.29981032
  0.13164976  0.4684939   0.35165003  0.34142068  0.350203    0.14782505
  0.27837396  0.14068651  0.18897206  0.12435022  0.37782747  0.2808009
  0.25929654  0.33582783  0.43994516  0.1773632   0.2354538   0.32667658
  0.3073613   0.2056009   0.1226714   0.09409253  0.16983546  0.16764162
  0.09428074  0.25051898  0.13616876  0.19053708  0.01275154  0.13466899
  0.20994219  0.13500704  0.0814404   0.26278457  0.31421316  0.22067125
  0.05946548  0.15984763  0.12184548  0.10393495  0.1792137   0.39398965
  0.14496572  0.19776869  0.12627564  0.23729207  0.23394616  0.14623849
  0.18990612  0.13477777  0.27634144  0.21055357  0.25123698  0.06339203
  0.08773822  0.16695398  0.16826889  0.14405169  0.21098763  0.14686751
  0.20172445  0.17414415  0.37428105  0.25029182  0.137665    0.27982968
  0.11015025  0.29975954  0.07534894  0.3592882   0.26879397  0.10689357
  0.2685561   0.20797236  0.20759857  0.18254869  0.20715083  0.29308945
  0.14619505  0.18818197  0.40795147  0.07320302  0.1344416   0.20533678
  0.20580229  0.3203854   0.37454888  0.18804896  0.31457448  0.16197987
  0.24443758  0.24804096  0.18387252  0.07790516  0.13901049  0.25811896
  0.28053328  0.13916488  0.32449135 -0.05502076  0.26787925  0.14181437
  0.26051652  0.10392833  0.17318042  0.12448723  0.17636167  0.17817853
  0.17454515  0.048248    0.12321673  0.16848911  0.28082418  0.19926089
  0.23811287  0.2390825   0.15621524  0.17444749  0.11701012  0.26039422
  0.07071295  0.45482743  0.18728925  0.20284197  0.14900926  0.17189139
  0.39928457  0.14036132  0.16386333  0.2230825   0.08369917  0.0921941
  0.04216217  0.12151135  0.11940657  0.09181212 -0.01130814  0.09997599
  0.1887499   0.11731976  0.2968672   0.11701696  0.2251838   0.33070615
  0.15973225  0.09986294  0.27079928  0.23200722  0.29098362  0.23411627
  0.19080058  0.26854053  0.10514203  0.20811746]
	Time : 0:00:00.102526
 }
{
	Count : 3
	Injected : [ 8.1292391e+00  1.0241390e+03  1.3462031e-01  6.2543362e-01
  1.6139437e+01  2.0638339e-01  1.6840588e-01  3.2768129e+04
  4.0584791e-01  1.0485761e+06  5.1220123e+02  1.2824022e+02
  3.1097940e-01  1.0242239e+03  4.0962822e+03  3.0885506e-01
  1.3107217e+05  2.6214419e+05  4.0962969e+03  2.5610052e+02
  5.2428819e+05  1.3064462e+00  1.4277659e-01  6.4463570e+01
  1.6458152e-01  4.3386054e-01  4.1359630e+00 -4.0449424e+00
  2.0483496e+03  1.0241716e+03  4.0961519e+03  8.1921416e+03
  3.5260037e-02  7.4071541e-02  5.1232416e+02  1.6384295e+04
  8.0439348e+00  1.0241566e+03  2.5611215e+02  1.0242328e+03
  1.0243002e+03  1.8974148e-01  6.5536250e+04  6.5536266e+04
  2.0481438e+03  2.5624265e+02  9.9882782e-03  3.2768250e+04
  4.1767511e+00  1.6238280e-01  6.9191509e-01  3.2163719e+01
  1.0485762e+06  8.1018810e+00  2.8412458e-01  4.0635192e-01
  6.5536219e+04  1.6384127e+04  6.4148575e+01  6.5536336e+04
  5.2428812e+05  1.0485764e+06  5.1209937e+02  1.3997473e-01
  2.5613632e+02  4.2043037e+00  1.0485762e+06  3.0015725e-01
  1.2821117e+02  4.0961807e+03  1.6384158e+04  1.4166702e-01
  1.0243334e+03  1.8943797e-01  1.0242655e+03  6.5536398e+04
  1.0485762e+06  2.3002594e+00  2.1183749e-01  2.8164491e-01
  5.8201098e-01  4.0961729e+03  4.0963345e+03  1.6210424e+01
  4.2180815e+00  3.2152973e+01  2.0482507e+03  7.6137042e-01
  1.1472647e+00  2.4578147e-01  8.2956476e+00  1.6154219e+01
  1.6157616e+01  5.2428825e+05  1.8581213e-01  3.2768203e+04
  1.2812970e+02  1.6384371e+04  3.2768070e+04  1.1474079e+00
  2.0021108e-01  1.0485762e+06  2.0481316e+03  2.4684939e+00
  2.8915003e-01  3.4337381e-01  1.0485764e+06  1.1478250e+00
  2.7446771e-01  1.5686512e-02  1.6188972e+01  2.1243503e+00
  1.2782747e-01  8.1922812e+03  3.2259296e+01  3.6707783e-01
  1.0485765e+06  3.2177364e+01  1.6384236e+04  5.1232666e+02
  2.5630737e+02  2.1341340e-01  3.2122673e+01  8.0940924e+00
  1.6592921e-01  1.6167641e+01  4.0960942e+03  1.3107225e+05
  6.5536133e+04  1.6384191e+04  8.0127516e+00  3.2768133e+04
  3.2768211e+04  1.2813501e+02  2.0480815e+03  1.6384264e+04
  1.6314213e+01  2.3629625e-01  6.5536062e+04  2.5615985e+02
  2.1218455e+00  4.1039348e+00  2.6214419e+05  4.0180215e-01
  1.2934072e-01  4.4776869e-01  1.2756437e-03  2.4510457e-01
  1.0485762e+06  5.1214624e+02  1.3107219e+05  1.1347778e+00
  8.1922764e+03  8.2105532e+00  2.5319010e-01  9.4642028e-02
  8.1920879e+03  1.3107217e+05  1.6168268e+01  6.5536141e+04
  1.6384211e+04  5.1214685e+02  8.1922021e+03  6.4174141e+01
  5.1237427e+02  6.5536250e+04  1.3375875e-01  1.2827983e+02
  5.1211017e+02  1.6384299e+04  7.7302061e-02  3.2768359e+04
  8.1922686e+03  1.1068935e+00  3.2268555e+01  2.1578486e-01
  8.1922080e+03  8.1921826e+03  2.3840083e-01  1.2829309e+02
  1.2814619e+02  1.0241882e+03  5.2428844e+05  5.2428806e+05
  1.3834785e-01  4.0962056e+03  1.0242058e+03  1.6320385e+01
  3.2768375e+04  1.6384188e+04  8.1923145e+03  3.2768160e+04
  2.4248445e-01  1.0242480e+03  1.8582565e-01  2.5607791e+02
  8.1921387e+03  1.2581190e+00  2.2805333e+00  1.0485761e+06
  4.3244915e+00 -1.3107206e+05  4.2678795e+00  6.4141815e+01
  1.2605165e+00  1.1039283e+00  2.1731803e+00  1.2812448e+02
  1.6073667e-01  8.1921777e+03  6.5536172e+04  1.3107205e+05
  6.0716726e-02  1.6458286e-01  2.7984762e-01  5.1219928e+02
  5.1223810e+02  1.3107223e+05  1.3107216e+05  1.2817445e+02
  4.0961172e+03  1.2826039e+02  1.2807071e+02  1.4548274e+00
  2.0481873e+03  1.2028420e+00  2.5614902e+02  4.6891391e-02
  8.3992844e+00  1.3840820e-01  4.1386333e-01  2.2230825e+00
  7.9792924e-02  5.1209222e+02  1.0485760e+06  1.1215113e+00
  3.6940658e-01  1.6091812e+01 -8.0113077e+00  1.0095255e-01
  6.5536188e+04  1.2811732e+02  7.9686719e-01  6.1701697e-01
  2.6214422e+05  2.5633072e+02  1.5973225e-01  9.9862941e-02
  2.7079928e-01  2.3200722e-01  2.9098362e-01  2.3411627e-01
  1.9080058e-01  2.6854053e-01  1.0514203e-01  2.0811746e-01]
	OpName : Ops.IDENTITY
	Original : [ 0.12923864  0.13902517  0.16587031  0.12543361  0.1394368   0.20540683
  0.13715588  0.13004975  0.40487134  0.17376685  0.2012291   0.24021794
  0.4359794   0.22385281  0.28202042  0.30104256  0.16480927  0.18953183
  0.29682466  0.10051332  0.18653317  0.30644616  0.2052766   0.4635681
  0.15676902  0.18386054  0.13596314 -0.04494235  0.34958586  0.17167963
  0.15177539  0.14177719  0.16026004  0.19907154  0.3241407   0.29486585
  0.04393452  0.15666942  0.11214451  0.23276988  0.3001344   0.22099148
  0.2527244   0.26828596  0.14385466  0.24265914  0.25998828  0.25048944
  0.17675108  0.1311328   0.19191508  0.16371949  0.19664346  0.10188107
  0.29974958  0.4073285   0.21579438  0.12638536  0.14857323  0.33418313
  0.12687507  0.34331647  0.09935119  0.13606848  0.13632563  0.20430386
  0.28517875  0.2991807   0.21116492  0.18042755  0.15748012  0.12604202
  0.3333705   0.22068797  0.26551533  0.4015654   0.28158802  0.30025938
  0.14933749  0.28359804  0.08201101  0.1728381   0.33441615  0.2104235
  0.21808136  0.1529724   0.25084552  0.2613704   0.14726469  0.24968772
  0.29564738  0.15421791  0.15761502  0.23462828  0.18190588  0.2046602
  0.12970416  0.3714227   0.07212938  0.14740789  0.19239858  0.29981032
  0.13164976  0.4684939   0.35165003  0.34142068  0.350203    0.14782505
  0.27837396  0.14068651  0.18897206  0.12435022  0.37782747  0.2808009
  0.25929654  0.33582783  0.43994516  0.1773632   0.2354538   0.32667658
  0.3073613   0.2056009   0.1226714   0.09409253  0.16983546  0.16764162
  0.09428074  0.25051898  0.13616876  0.19053708  0.01275154  0.13466899
  0.20994219  0.13500704  0.0814404   0.26278457  0.31421316  0.22067125
  0.05946548  0.15984763  0.12184548  0.10393495  0.1792137   0.39398965
  0.14496572  0.19776869  0.12627564  0.23729207  0.23394616  0.14623849
  0.18990612  0.13477777  0.27634144  0.21055357  0.25123698  0.06339203
  0.08773822  0.16695398  0.16826889  0.14405169  0.21098763  0.14686751
  0.20172445  0.17414415  0.37428105  0.25029182  0.137665    0.27982968
  0.11015025  0.29975954  0.07534894  0.3592882   0.26879397  0.10689357
  0.2685561   0.20797236  0.20759857  0.18254869  0.20715083  0.29308945
  0.14619505  0.18818197  0.40795147  0.07320302  0.1344416   0.20533678
  0.20580229  0.3203854   0.37454888  0.18804896  0.31457448  0.16197987
  0.24443758  0.24804096  0.18387252  0.07790516  0.13901049  0.25811896
  0.28053328  0.13916488  0.32449135 -0.05502076  0.26787925  0.14181437
  0.26051652  0.10392833  0.17318042  0.12448723  0.17636167  0.17817853
  0.17454515  0.048248    0.12321673  0.16848911  0.28082418  0.19926089
  0.23811287  0.2390825   0.15621524  0.17444749  0.11701012  0.26039422
  0.07071295  0.45482743  0.18728925  0.20284197  0.14900926  0.17189139
  0.39928457  0.14036132  0.16386333  0.2230825   0.08369917  0.0921941
  0.04216217  0.12151135  0.11940657  0.09181212 -0.01130814  0.09997599
  0.1887499   0.11731976  0.2968672   0.11701696  0.2251838   0.33070615
  0.15973225  0.09986294  0.27079928  0.23200722  0.29098362  0.23411627
  0.19080058  0.26854053  0.10514203  0.20811746]
	Time : 0:00:00.693913
 }
{
	Count : 3
	Injected : [ 1.63841289e+04  1.13902521e+00  1.64893746e-01  1.29339859e-01
  1.31072141e+05  6.55362031e+04  1.21558756e-02  5.24288125e+05
  2.04840479e+03  6.73766851e-01  1.62012291e+01  4.90217924e-01
  2.43597937e+00  5.12223877e+02  3.44520420e-01  1.63843008e+04
  1.56996772e-01  2.04818945e+03  1.04857625e+06  1.04857612e+06
  5.12186523e+02  1.63064461e+01  8.19220508e+03  1.46356809e+00
  1.60675272e-01  8.18386078e+00  1.09631419e-02 -2.04804492e+03
  3.27683477e+04  5.12171692e+02  1.31072156e+05  4.14177704e+00
  1.29010037e-01  2.62144188e+05  6.55363203e+04  4.09629492e+03
  4.09604395e+03  6.41566696e+01  1.19957015e-01  6.42327728e+01
  2.99157828e-01  2.19038352e-01  8.25272465e+00  1.82859600e-02
  1.31072141e+05  2.34846637e-01  5.12260010e+02  1.25048947e+00
  3.21767502e+01  1.61311321e+01  1.93868205e-01  5.24288188e+05
  8.19219629e+03  1.03834197e-01  2.56299744e+02  4.09281611e-01
  4.09621582e+03  6.41263885e+01  2.14857316e+00  1.04857638e+06
  1.63841270e+04  2.04834326e+03  1.02409937e+03  2.62144125e+05
  1.34372503e-01  2.06256986e-01  2.62144281e+05  3.22991791e+01
  2.21116495e+00  1.49177551e-01  1.15748012e+00  2.56126038e+02
  3.64620507e-01  1.63842207e+04  2.64538765e-01  1.02440161e+03
  2.28158808e+00  6.43002625e+01  2.11837485e-01  1.04857625e+06
  2.08201098e+00  1.74791232e-01  3.30509901e-01  5.24288188e+05
  8.19221777e+03  2.62144156e+05  1.62508450e+01  1.28261368e+02
  3.27681484e+04  2.24968767e+00  2.93694258e-01  4.09615430e+03
  1.15761507e+00  5.24288250e+05  5.12181885e+02  2.04820459e+03
  2.12970424e+00  8.37142277e+00  1.07212937e+00  2.24078894e-02
  1.61923981e+01  3.07622820e-01  1.61316490e+01  4.05993909e-01
  3.52626592e-01  2.78920680e-01  2.56350189e+02  1.02414783e+03
  1.04857625e+06  6.55361406e+04  2.18897200e+00  1.08725220e-01
  5.12377808e+02  7.80800939e-01  2.58319974e-01  6.55363359e+04
  6.44399414e+01  1.31072172e+05  6.42354507e+01  1.28326675e+02
  4.32361305e-01  2.09507152e-01  1.12267137e+00  3.15925255e-02
  4.16983557e+00  1.02416760e+03  1.63840938e+04  2.62144250e+05
  1.40075013e-01  1.28037080e-01  2.83765420e-02  5.24288125e+05
  4.09620996e+03  2.62144125e+05  1.89404041e-02  3.22627831e+01
  1.63142128e+01  2.24577501e-01  1.60594654e+01  3.27681602e+04
  1.02412183e+03  1.28103928e+02  1.75307453e-01  1.63843945e+04
  2.14496565e+00  2.56197754e+02  1.88775644e-01  8.23729229e+00
  2.23394608e+00  1.30613491e-01  2.56189911e+02  9.77776945e-03
  7.76341438e-01  8.55535716e-02  4.25123692e+00  1.02406335e+03
  3.27680859e+04  8.19216699e+03  4.16826868e+00  2.06551686e-01
  2.14893878e-01  1.28146866e+02  2.02701017e-01  1.31072172e+05
  4.99281049e-01  2.52244949e-01  5.12137695e+02  1.31072281e+05
  1.11126810e-01  1.04857625e+06  7.43723735e-02  2.56359283e+02
  3.00043970e-01  2.31893569e-01  8.19226855e+03  1.63842070e+04
  8.25985670e-02  5.12182556e+02  5.24288188e+05  4.29308939e+00
  1.14619505e+00  5.24288188e+05  9.07951474e-01  1.28073196e+02
  3.27681328e+04  1.28205338e+02  5.12205811e+02  1.63203850e+01
  5.24288375e+05  1.31072188e+05  3.15551043e-01  1.58073619e-01
  2.28812575e-01  5.12248047e+02  6.55361875e+04  1.02407788e+03
  1.54635489e-01  6.42581177e+01  1.28053331e+00  3.27681406e+04
  1.63244915e+01 -3.20550194e+01  3.27682695e+04  1.49626866e-01
  2.91766524e-01  8.10392857e+00  2.56173187e+02  3.27681250e+04
  1.61763611e+01  5.31785339e-02  5.12174561e+02  1.02404822e+03
  1.28123215e+02  1.69465676e-01  3.12074184e-01  2.30510890e-01
  3.27682383e+04  2.56239075e+02  1.02415625e+03  1.43197492e-01
  1.15056999e-01  2.62144250e+05  5.70712924e-01  4.62639928e-01
  1.85336128e-01  2.04820288e+03  3.27681484e+04  1.73844516e-01
  1.49284571e-01  2.56140350e+02  1.31072156e+05  9.80824977e-02
  5.83699167e-01  6.40921936e+01  1.63840430e+04  6.21511340e-01
  1.04857612e+06  4.09181213e+00 -1.31072016e+05  1.04857612e+06
  1.90703019e-01  1.01694763e-01  4.21867192e-01  2.56117004e+02
  8.19222559e+03  4.33070612e+00  1.59732252e-01  9.98629406e-02
  2.70799279e-01  2.32007220e-01  2.90983617e-01  2.34116271e-01
  1.90800577e-01  2.68540531e-01  1.05142027e-01  2.08117455e-01]
	OpName : Ops.IDENTITY
	Original : [ 0.12923864  0.13902517  0.16587031  0.12543361  0.1394368   0.20540683
  0.13715588  0.13004975  0.40487134  0.17376685  0.2012291   0.24021794
  0.4359794   0.22385281  0.28202042  0.30104256  0.16480927  0.18953183
  0.29682466  0.10051332  0.18653317  0.30644616  0.2052766   0.4635681
  0.15676902  0.18386054  0.13596314 -0.04494235  0.34958586  0.17167963
  0.15177539  0.14177719  0.16026004  0.19907154  0.3241407   0.29486585
  0.04393452  0.15666942  0.11214451  0.23276988  0.3001344   0.22099148
  0.2527244   0.26828596  0.14385466  0.24265914  0.25998828  0.25048944
  0.17675108  0.1311328   0.19191508  0.16371949  0.19664346  0.10188107
  0.29974958  0.4073285   0.21579438  0.12638536  0.14857323  0.33418313
  0.12687507  0.34331647  0.09935119  0.13606848  0.13632563  0.20430386
  0.28517875  0.2991807   0.21116492  0.18042755  0.15748012  0.12604202
  0.3333705   0.22068797  0.26551533  0.4015654   0.28158802  0.30025938
  0.14933749  0.28359804  0.08201101  0.1728381   0.33441615  0.2104235
  0.21808136  0.1529724   0.25084552  0.2613704   0.14726469  0.24968772
  0.29564738  0.15421791  0.15761502  0.23462828  0.18190588  0.2046602
  0.12970416  0.3714227   0.07212938  0.14740789  0.19239858  0.29981032
  0.13164976  0.4684939   0.35165003  0.34142068  0.350203    0.14782505
  0.27837396  0.14068651  0.18897206  0.12435022  0.37782747  0.2808009
  0.25929654  0.33582783  0.43994516  0.1773632   0.2354538   0.32667658
  0.3073613   0.2056009   0.1226714   0.09409253  0.16983546  0.16764162
  0.09428074  0.25051898  0.13616876  0.19053708  0.01275154  0.13466899
  0.20994219  0.13500704  0.0814404   0.26278457  0.31421316  0.22067125
  0.05946548  0.15984763  0.12184548  0.10393495  0.1792137   0.39398965
  0.14496572  0.19776869  0.12627564  0.23729207  0.23394616  0.14623849
  0.18990612  0.13477777  0.27634144  0.21055357  0.25123698  0.06339203
  0.08773822  0.16695398  0.16826889  0.14405169  0.21098763  0.14686751
  0.20172445  0.17414415  0.37428105  0.25029182  0.137665    0.27982968
  0.11015025  0.29975954  0.07534894  0.3592882   0.26879397  0.10689357
  0.2685561   0.20797236  0.20759857  0.18254869  0.20715083  0.29308945
  0.14619505  0.18818197  0.40795147  0.07320302  0.1344416   0.20533678
  0.20580229  0.3203854   0.37454888  0.18804896  0.31457448  0.16197987
  0.24443758  0.24804096  0.18387252  0.07790516  0.13901049  0.25811896
  0.28053328  0.13916488  0.32449135 -0.05502076  0.26787925  0.14181437
  0.26051652  0.10392833  0.17318042  0.12448723  0.17636167  0.17817853
  0.17454515  0.048248    0.12321673  0.16848911  0.28082418  0.19926089
  0.23811287  0.2390825   0.15621524  0.17444749  0.11701012  0.26039422
  0.07071295  0.45482743  0.18728925  0.20284197  0.14900926  0.17189139
  0.39928457  0.14036132  0.16386333  0.2230825   0.08369917  0.0921941
  0.04216217  0.12151135  0.11940657  0.09181212 -0.01130814  0.09997599
  0.1887499   0.11731976  0.2968672   0.11701696  0.2251838   0.33070615
  0.15973225  0.09986294  0.27079928  0.23200722  0.29098362  0.23411627
  0.19080058  0.26854053  0.10514203  0.20811746]
	Time : 0:00:01.611131
 }

---------------------------------------
Done injections
