Starting log at 2022-05-07 18:25:01.336474

{
	Count : 3
	Injected : [-3.31659508e+01 -6.44130249e+01 -1.31072953e+05 -8.19418359e+03
 -1.63844883e+04  1.71037376e+00 -3.09677339e+00 -1.31349131e-01
  1.64978676e+01 -1.52811849e+00 -1.31074562e+05  2.62144094e+05
  1.55601883e+00  2.62144719e+05  8.71114635e+00  1.63857109e+04
 -3.27701172e+04  1.31074484e+05  6.55367188e+04 -3.97698104e-01
  8.23907757e+00  1.45688879e+00  1.04857725e+06 -1.94002616e+00
 -2.57469971e+02  6.55366797e+04  1.04857688e+06  4.04643603e-02
  5.14529297e+02  1.23267174e-01 -1.31072906e+05  6.45042648e+01
  5.12729065e+02  6.42537460e+01  6.88090038e+00  6.50004196e+01
  6.12155676e-01 -1.63852891e+04 -3.35979996e+01 -2.56438599e+02
 -1.04857662e+06  1.43667960e+00  2.62144125e+05  7.79012203e-01
 -3.23286781e+01 -5.13823120e+02  3.27685469e+04 -3.42809944e+01
 -4.30758286e+00  1.63841309e+04  3.28560501e-01  2.11190373e-01
  1.01312294e+01  1.65613995e+01 -4.56880599e-01  1.90991962e+00
 -5.64424276e-01 -5.91231227e-01  1.04857712e+06 -1.00974870e+00
  6.98771328e-03  9.08363152e+00 -4.09675732e+03 -2.34120548e-01
  3.61059010e-01 -4.09717041e+03 -2.97388983e+00 -1.20990658e+00
  1.63841406e+04 -2.04918188e+03 -1.74099684e+00 -6.47286301e+01
 -2.78337479e-01 -1.31073922e+05 -2.49831939e+00  1.63844824e+04
 -1.28840546e+02 -8.95702744e+00  9.42876339e+00  8.74855995e-01
 -1.63847812e+04 -3.32183380e+01  4.09645557e+03 -1.72474270e+01
  3.23190842e+01 -6.47872620e+01  6.55363125e+04  4.85306561e-01
 -1.13119423e+00 -1.69726717e+00  1.28596932e-01 -1.02450220e+03
  2.04820508e+03 -2.04847876e+03  2.04801807e+03 -4.56205845e-01
  3.41316581e-01 -2.36084536e-01 -1.60597062e+00  8.97467196e-01
  4.09636768e+03 -3.27172327e+00  9.36309624e+00 -2.04964575e+03
  6.55365781e+04 -2.94744563e+00  1.04857638e+06 -2.42791414e+00
 -4.53316784e+00 -1.09409034e+00  1.24695587e+00  2.04877612e+03
 -5.24288500e+05  8.19383203e+03  1.54573023e+00 -2.62144406e+05
  2.62144594e+05 -8.19225879e+03  8.19245898e+03  2.49956131e+00
 -1.87256455e+00  2.62145688e+05  3.58638108e-01  6.42215195e+01
 -2.62144156e+05  1.71570587e+01  6.41082001e+01  1.56610024e+00
 -1.28997971e+02  1.65980148e+01 -9.51936662e-01 -5.12061035e+02
 -3.27130775e+01  6.31009042e-01 -5.24289688e+05 -3.07301711e-02
  5.77859879e-02  2.05056396e+03  6.58910446e+01  5.24289500e+05
  1.02492432e+03 -1.63850684e+04 -3.28446999e+01  7.12375343e-01
 -7.53060341e-01  5.12078369e+02  1.04857612e+06 -1.25798082e+00
  5.11329317e+00  9.88549888e-01  1.17140901e+00  3.41281471e+01
 -3.32276230e+01  1.31072922e+05 -1.28067490e+02 -4.09731885e+03
 -3.36145477e+01 -1.24769175e+00 -1.50062418e+00  2.62145469e+05
 -2.04861646e+03  1.51513982e+00  6.55363125e+04 -9.19353390e+00
  5.12067627e+02 -1.40707302e+00 -1.37233663e+00  1.30768326e+02
 -7.38351226e-01 -1.02461646e+03 -2.15525061e-01  1.29403503e+02
  1.70236975e-01 -8.18896711e-01  2.04801025e+03 -3.23653374e+01
  2.62144312e+05 -2.56156403e+02  1.31073484e+05 -1.05301199e+01
 -9.33698463e+00  1.86309564e+00 -5.24288875e+05  9.11116838e-01
 -1.28259384e+02  2.43693399e+00  7.54623115e-02  1.26820445e+00
  2.56277374e+02  4.09615674e+03  5.38215697e-01  3.27686797e+04
 -6.55363516e+04  1.34033167e+00  8.19211328e+03  3.27690352e+04
  2.21089303e-01  1.02493872e+03  2.80482262e-01 -4.09804883e+03
 -7.58081555e-01 -4.94994849e-01  6.55369375e+04 -1.68721229e-01
  2.92627752e-01  1.62759895e+01  4.63399708e-01 -1.02970238e+01
  1.60859263e+00 -5.24288375e+05  1.28156631e+02 -4.34855747e+00
  3.33021698e+01 -1.76671803e+00  1.68889332e+01 -3.98768783e-01
 -1.86577916e+00  1.63843770e+04 -1.04857750e+06 -5.12027222e+02
 -2.05122620e-01  2.56997589e+02 -1.97710955e+00 -4.09720117e+03
  2.63417912e+00  1.63840332e+04 -6.55366875e+04 -1.80922794e+00
  5.12683533e+02 -5.07676411e+00  1.04857688e+06 -6.55367422e+04
  1.11199677e+00  7.06793308e-01  8.47280598e+00  3.35433426e+01
  4.06143486e-01 -7.91419625e-01 -3.95242006e-01  2.62144875e+05
 -1.64177055e+01  1.02407605e+03 -3.27687383e+04 -1.28078064e+02
  1.31073094e+05  5.24288562e+05 -7.14233518e-01  1.63321400e+00
 -7.36586392e-01 -1.60951567e+00 -8.46556544e-01 -5.50595999e-01
  1.41662455e+00 -1.54799902e+00  1.32922542e+00 -1.08838081e-01]
	OpName : Ops.IDENTITY
	Original : [-1.1659502  -0.41302696 -0.95145065 -2.183552   -0.48914412  1.7181863
 -3.0957968  -0.129396    0.497868   -1.5124935  -2.564211    0.07961157
  0.5560189   0.71614456  0.71114606  1.710684   -2.1156754   2.4792593
  0.71641725 -0.4601981   0.23907751  1.460795    1.3084825  -0.94002616
 -1.4699725   0.6825476   0.81255245  0.04437061  2.5293047   0.11936092
 -0.9066207   0.5042665   0.72906405  0.25374895  2.8809006   1.0004165
  0.5809057  -1.2885269  -1.5979978  -0.43859854 -0.6454566   1.3116796
  0.11945674  0.5290122  -0.32867688 -1.8231382   0.54701173 -2.2809932
 -0.30758274  0.1316419   0.336373    0.08619037  2.131229    0.561399
 -0.45492747  1.4099196  -0.5019243  -0.6224812   1.093664   -1.0117018
  0.06948771  1.083631   -0.7573337  -0.73412055  0.345434   -1.1705676
 -0.97388977 -1.0849066   0.14032301 -1.1818074  -1.7253718  -0.7286277
 -0.30958748 -1.921885   -2.4670694   0.48206916 -0.8405489  -0.9570275
  1.4287636   0.87387943 -0.7819652  -1.2183393   0.45558855 -1.2474264
  0.3190835  -0.78726083  0.31148437  0.4872597  -1.1624442  -1.7128922
  0.14422193 -0.50221616  0.2051518  -0.47865167  0.01805375 -1.4562058
  0.33741033 -0.17358454 -1.7309706   0.8818422   0.3676688  -1.2717233
  1.3630964  -1.645648    0.5760255  -0.94744563  0.36275092 -0.4279141
 -0.533168   -1.0960435   1.2313309   0.7761488  -0.48633778  1.8316667
  1.5613552  -0.41855508  0.5783706  -0.25895563  0.45922416  0.49956125
 -0.87256455  1.6898701   0.35668498  0.22152202 -0.16159385  1.1570582
  0.10819659  1.5739127  -0.99796635  0.5980152  -0.94998354 -0.06100754
 -0.7130775   0.6290559  -1.6724346  -0.02975361  2.057786    2.563929
  1.8910481   1.5236987   0.9242833  -1.0678744  -0.8446991   0.21237536
 -1.7530603   0.07833929  0.08728196 -1.3829808   1.1132933   0.7385499
  1.671409    2.1281486  -1.227622    0.9179411  -0.06748807 -1.3188019
 -1.6145486  -1.2320668  -1.6256242   1.4773072  -0.61653394  1.7651398
  0.31284308 -1.1935343   0.06760088 -1.375823   -1.3742898   2.7683282
 -0.7393278  -0.61651    -0.09052505  1.4035044   0.42023697 -0.8267092
  0.01029912 -0.3653361   0.29773006 -0.15639147  1.4815269  -2.5301201
 -1.3369849   0.86309564 -0.8853225   0.91306996 -0.25938672  0.43693396
  0.07448575  1.276017    0.27737075  0.15654632  0.5538407   0.67825437
 -0.35467687  1.0903317   0.11333956  1.0364655   0.7210893   0.93876326
  0.34298226 -2.0489068  -0.2580816  -0.48718235  0.9390958  -0.16481498
  0.28481525  0.2759901   0.21339971 -2.2970243   1.8585926  -0.39159465
  0.15662515 -0.34855738  1.3021697  -1.797968    0.8889341  -1.3987688
 -0.8657792   0.37669754 -1.471937   -0.02723523 -0.08012261  0.9975828
 -0.97710955 -1.2011082   0.634179    0.03299243 -0.69025767 -0.8092279
  0.68355936 -1.0767642   0.8489772  -0.7451127   1.1100436   0.7146058
  0.47280553  1.5433408   0.9061435  -0.29141963 -0.39719513  0.8851208
 -0.4177055   0.07599455 -0.73665506 -0.07806455  1.0937428   0.5397736
 -0.7142335   1.633214   -0.7365864  -1.6095157  -0.84655654 -0.550596
  1.4166245  -1.547999    1.3292254  -0.10883808]
	Time : 0:00:00.134273
 }
{
	Count : 8
	Injected : [[-3.2213333e+01 -5.0225300e-01 -1.8501399e+00 ... -5.1223334e+02
  -1.0240011e+03 -1.1687024e+00]
 [-5.2428869e+05 -6.5536203e+04 -8.1922256e+03 ...  1.6384125e+04
   2.6214422e+05  5.6494266e-01]
 [-2.4229252e+00 -1.6384059e+04 -2.5885472e-01 ... -5.1229962e+02
  -2.0482266e+03 -1.0241179e+03]
 ...
 [ 1.0485765e+06  4.0963320e+03  5.1230511e+02 ...  6.5536305e+04
   1.2959708e+00  2.6214412e+05]
 [ 3.2552197e+01  2.2747371e-01  1.1913269e+00 ...  3.8191023e-01
   3.2442574e+01  1.0485761e+06]
 [ 5.1202810e-01  3.9633188e-01  1.9796248e-01 ...  5.7101053e-01
   2.3451436e-01  4.3776351e-01]]
	OpName : Ops.IDENTITY
	Original : [[-0.21333495 -0.5002999  -0.8501399  ... -0.23333178 -0.00108355
  -0.16870236]
 [-0.70194966 -0.20177734 -0.2259686  ...  0.12454823  0.23037702
   0.50244266]
 [-0.42292526 -0.0593871  -0.25104222 ... -0.29960793 -0.22666353
  -0.11797422]
 ...
 [ 0.45108756  0.33188775  0.30509743 ...  0.30497602  0.2959708
   0.12454653]
 [ 0.55219615  0.4774737   0.19132692 ...  0.41316023  0.44257382
   0.09698506]
 [ 0.5120281   0.39633188  0.19796248 ...  0.57101053  0.23451436
   0.4377635 ]]
	Time : 0:00:00.874993
 }
