Starting log at 2022-05-07 18:25:01.330050

{
	Count : 2
	Injected : [[-1.6042938e+00  6.4511162e+01  4.0963716e+03 ... -2.6214453e+05
  -3.2768270e+04 -4.0968101e+03]
 [ 5.1384857e+02  1.0461822e+00  6.2175816e-01 ... -4.7140738e-01
  -1.2863972e+02  1.3308824e+00]
 [-8.0627993e-02 -1.6385268e+04  5.1249939e+02 ... -4.8267150e-01
   2.6214409e+05 -2.2224154e+00]
 ...
 [-2.6214528e+05  8.1923223e+03  3.6518842e-01 ... -1.0485766e+06
  -4.0967695e+03  3.8610420e-01]
 [ 2.0241907e+00  2.6214441e+05  8.1922686e+03 ...  1.8613846e+00
   6.1932120e+00 -5.1248633e+02]
 [ 4.1286554e+00 -1.8693178e+00  1.2733800e-02 ...  1.5260155e-01
  -7.2144955e-01 -4.4452605e-01]]
	OpName : Ops.IDENTITY
	Original : [[-1.6199188   0.5111586   0.37140113 ... -0.53077376 -0.27055866
  -0.8100269 ]
 [ 1.8485665   0.04618217  0.74675816 ... -0.34640738 -0.63972
   1.4558824 ]
 [-0.08160456 -1.2671744   0.4993909  ... -0.48071837  0.08776142
  -2.2263217 ]
 ...
 [-1.2666447   0.3225811   0.36128217 ... -0.66060954 -0.7696121
   0.39001045]
 [ 0.02419059  0.40984228  0.26898566 ...  1.8594315   2.193212
  -0.48634064]
 [ 0.1286554  -1.9943178   0.0283588  ...  0.15260155 -0.72144955
  -0.44452605]]
	Time : 0:00:17.629377
 }
{
	Count : 13
	Injected : [[-1.6384213e+04 -5.0127643e-01 -1.0248501e+03 ... -2.5623334e+02
  -3.0366760e-03 -8.1687021e+00]
 [-8.1927021e+03 -4.2017775e+00 -1.0096860e-01 ...  6.2454820e-01
   1.2303770e+00  1.0485765e+06]
 [-4.2683151e-01 -6.4059387e+01 -5.1225104e+02 ... -4.0962998e+03
  -7.2666353e-01 -1.1992735e-01]
 ...
 [ 3.2608756e-01  8.1923320e+03  5.1230511e+02 ...  4.0963052e+03
   3.2768297e+04  1.3107212e+05]
 [ 1.3107255e+05  5.2428850e+05  1.0485762e+06 ...  1.2841316e+02
   5.1244257e+02  3.4485057e-02]
 [ 5.1202810e-01  3.9633188e-01  1.9796248e-01 ...  5.7101053e-01
   2.3451436e-01  4.3776351e-01]]
	OpName : Ops.IDENTITY
	Original : [[-0.21333495 -0.5002999  -0.8501399  ... -0.23333178 -0.00108355
  -0.16870236]
 [-0.70194966 -0.20177734 -0.2259686  ...  0.12454823  0.23037702
   0.50244266]
 [-0.42292526 -0.0593871  -0.25104222 ... -0.29960793 -0.22666353
  -0.11797422]
 ...
 [ 0.45108756  0.33188775  0.30509743 ...  0.30497602  0.2959708
   0.12454653]
 [ 0.55219615  0.4774737   0.19132692 ...  0.41316023  0.44257382
   0.09698506]
 [ 0.5120281   0.39633188  0.19796248 ...  0.57101053  0.23451436
   0.4377635 ]]
	Time : 0:00:18.208639
 }
