Starting log at 2022-05-07 18:27:05.903369

{
	Count : 6
	Injected : [ 1.0244597e+03  1.0485771e+06 -3.2768219e+04  3.2768828e+04
 -1.0178944e+00 -6.5570625e+01 -2.0504500e+03  6.4954361e+01
 -5.2428844e+05 -7.0140642e-01  9.6621439e-02 -5.2428900e+05
 -8.2973928e+00  3.7872335e-01 -4.7020370e-01  3.2615822e+01
 -2.5619507e+02  3.2769469e+04 -5.6184349e+00 -7.5749677e-01
 -5.1277856e+02 -1.6555750e+01  9.2814457e-01 -1.3107389e+05
 -8.2345808e-01  1.6892609e+01  3.2768984e+04  5.1201215e+02
 -5.1415472e+02 -2.9901150e-01  6.5536852e+04  6.5536422e+04
 -6.8312919e-01  1.0243802e+03 -6.5536266e+04 -4.1764374e+00
 -4.0762603e-01 -1.6019214e+00  2.5615689e+02 -2.2907445e-01
  3.5447162e-01  3.4231615e-01 -1.7800300e-01 -1.6385781e+04
  6.0369897e-01 -4.3112812e+00 -4.0966914e+03  2.1731200e+00
 -6.4089828e+01  2.0492429e+03  1.0241127e+03  4.0979541e+03
 -2.5844760e+02  4.0972759e+03  2.5692350e-01  2.0491526e+03
 -5.3815562e-01  5.2428919e+05  3.2768238e+04 -2.1342497e+00
  8.1921338e+03  1.3107248e+05 -1.0485762e+06  2.3616161e+00
  1.4531142e+00 -1.5567327e+00 -1.9455667e-01 -1.0485764e+06
 -9.4913298e-01 -1.0259225e+03  1.8736674e+00  3.2768324e+04
 -4.0963501e+03 -2.0491443e+03 -4.0975498e+03 -4.0966089e+03
 -5.8277422e-01  1.6232412e+01 -1.6421156e+00 -1.3513680e+00
  6.5536344e+04  5.1210205e+02 -5.7528715e+00  2.6214431e+05
 -3.2769680e+04  1.9018629e+00  4.2383367e-01  2.9152675e+00
  5.3516114e-01 -3.2768602e+04  2.5568277e-02 -6.5536023e+04
  2.0496938e+03  6.2052155e-01 -3.2768309e+04 -3.3928452e+01
 -4.0974629e+03  4.7276866e-01  1.0240858e+03  4.0202603e+00
 -2.0862358e+00  2.5605627e+02 -6.5078751e+01  1.2853500e+02
 -4.0967915e+03  1.0242676e+03 -1.4373592e+00  4.2890902e+00
 -2.5620496e+02 -9.1089640e+00 -5.2428875e+05  6.4287376e+01
 -6.5536578e+04  2.6565313e-02  2.5447461e-01  5.2428800e+05
 -1.0267983e+03 -3.1326318e+00 -1.0133385e-02 -8.0713496e-02
  1.9857556e-01 -5.5840272e-01 -2.1822820e+00 -1.9338220e-02
  7.2818369e-01 -8.4538323e-01  3.6753500e-01  1.9980422e+00]
	OpName : Ops.IDENTITY
	Original : [ 0.45969197  1.1581683  -0.21988901  0.8286699  -1.1428944  -1.5706275
 -2.4498556   0.9543588  -0.45861724 -0.6389064   0.06537144 -0.982097
 -0.2973926   0.3826296  -0.22020368  0.61582357 -0.19507964  1.4687172
 -1.618435   -0.7535905  -0.7785717  -0.5557497   0.8031446  -1.8837085
 -0.32345808  0.8926093   0.9858903   0.01216067 -2.1547544  -0.4240115
  0.85383505  0.42499864 -0.68117607  0.38026103 -0.26700884 -0.17643741
 -0.47012603 -1.6058277   0.15689044 -0.19782445  0.3525185   0.27981615
 -0.17604987 -1.7809144   0.60174584 -0.3112812  -0.6916238   2.157495
 -0.08982562  1.2429516   0.11261506  1.9543417  -2.4476063   1.2759104
  0.00692351  1.152533   -0.5069056   1.157122    0.23674946 -0.13424978
  0.1336618   0.49140796 -0.30655184  0.36161616  0.45311415 -0.5567326
 -0.1935801  -0.36176953 -0.886633   -1.9225374   1.8746439   0.32486618
 -0.34990355 -1.1441972  -1.5500486  -0.6089633  -0.08277421  0.23241156
 -1.7046156  -1.101368    0.34645483  0.1020726  -1.7528716   0.32587385
 -1.6777797   1.8940504   0.17383368  0.9152675   0.5312549  -0.60148543
  0.15056828 -0.020658    1.6939645   0.6244278  -0.30977607 -1.9284533
 -1.4628097   0.4688624   0.08583437  0.02026056 -2.0706108   0.05626836
 -1.0787531   0.53500664 -0.79147345  0.26753485 -1.3123592   0.2890901
 -0.20495827 -1.1089641  -0.75377184  0.2873736  -0.58189136  0.5265653
  0.2700996   0.02682752 -2.7983727  -1.1326319  -0.01013338 -0.0807135
  0.19857556 -0.5584027  -2.182282   -0.01933822  0.7281837  -0.8453832
  0.367535    1.9980422 ]
	Time : 0:00:00.079033
 }
{
	Count : 2
	Injected : [ 2.5644778e+02 -1.0833142e+00  1.0242183e+03 -1.6384924e+04
  1.2931100e+02  7.9287744e-01  3.2769492e+04 -3.6275753e-01
 -3.2055164e+01 -4.6821916e-01 -1.0254858e+03 -3.2768781e+04
  5.2429075e+05  1.6968265e+00  1.3107270e+05 -1.6385029e+04
  1.4958644e+00 -8.1920059e+03 -6.5081375e+01  3.5012013e-01
 -2.0482075e+03 -2.8437853e-02 -5.7263988e-01 -3.3032284e+01
  2.0498425e+03  1.0485774e+06 -1.3024800e+02  5.2428962e+05
 -1.7714766e+01 -4.8751116e+00  1.6714804e+01 -6.5536617e+04
  2.2807856e+00  6.0826516e-01  6.6987724e+01  3.2769340e+04
 -2.5671021e+02  2.1250756e+00  9.1471500e+00  4.0562457e-01
 -3.2768758e+04  1.0251951e+03  1.5441042e-01 -1.6155525e+01
 -1.8249174e+01 -1.3107338e+05  2.0486919e+03  5.2428931e+05
  1.3918905e+00 -1.2896783e+02  1.1915548e+00  1.8696701e+01
 -1.6384346e+04  1.6037296e+01 -1.4523592e+00  2.6214531e+05
 -3.2768527e+04  2.6214559e+05 -6.5537789e+04  1.0911999e+00
 -9.6042557e+00  1.6801027e+00  2.7864182e+00 -1.6385066e+04
  6.5538094e+04  1.6385734e+04  5.1202063e+02  6.4139114e+01
 -1.1120346e-01  5.3021264e+00 -1.7483711e+01  2.9818633e-01
 -4.3738904e+00  2.7620831e+00 -2.5618863e+02 -2.4864354e+00
  2.5729956e+02 -6.6453958e-01  1.7933148e+00 -6.9262916e-01
 -2.8004613e+00  6.5520918e-01 -8.4856758e+00  5.2428838e+05
 -8.1400337e+00 -2.2255168e+00  8.1923223e+03  4.0965234e+03
  8.0048113e+00  1.3107238e+05 -1.1059934e+00  4.0976978e+03
  2.0492603e+03  1.7744256e+00 -4.0965752e+03 -4.1612032e-01
 -1.0241615e+03  1.6717489e+01  1.6178602e+01  6.0290056e-01
  8.1905270e+00  6.5538172e+04  6.5537484e+04  1.0485781e+06
  3.3385605e+01 -1.9211032e+00  1.2879054e+02 -6.5536352e+04
  6.4989548e+01  1.4221358e+00  1.0485765e+06  1.0250463e+03
  3.2979684e+00 -1.0173868e-01  1.0733959e+01  1.3107211e+05
  1.1348222e+00 -5.7637751e-01 -2.0488535e+03  8.1929795e+03
  1.9210294e+00  3.9886737e-01  1.7518862e+01 -5.2428950e+05
  1.7418268e+00 -9.0755873e+00 -1.5007436e+00  8.1469097e+00
  1.3895106e+00  3.4529949e+01  6.7948246e+00 -1.6384699e+04
 -1.7574257e+01 -1.0485780e+06  1.0249244e+03  6.6587105e+01
 -3.2730831e+01 -1.0485779e+06 -6.5579224e+01 -9.5302254e-01
  6.3650203e-01 -1.3107355e+05  7.3370200e-01 -2.6214425e+05
  1.3107239e+05 -1.0485762e+06 -8.0280294e+00  1.7516557e+00
  1.2819652e+02  1.6384777e+04  2.5259314e+00 -2.9765791e-01
  5.2428881e+05  6.6507828e+01  1.2884735e+02 -1.8026859e+01
 -6.4713028e+01 -3.3678326e+01  2.0493225e+03 -4.0972041e+03
 -3.2182461e+01  1.6347406e+00  6.6488579e+01  1.2886357e+02
  1.3135347e+00  6.5537359e+04  6.4689827e+01  2.5655325e+02
 -1.8621527e+01 -3.2768895e+04  4.6445271e-01 -1.3387731e+00
 -4.0981504e+03  5.6013012e-01  1.3364097e+00 -1.3217781e+00
  5.6876278e-01 -1.1664729e+00  5.2428831e+05 -8.1494826e-01
  1.3107288e+05  8.1062250e+00 -2.5628128e+02  6.5537445e+04
  1.0485768e+06 -1.0128401e+01 -2.6358278e+00 -1.1550997e+00
  6.4153236e-01 -3.2771559e+04 -2.8247290e+00 -2.6443779e-01
 -1.3107231e+05  9.9152212e+00 -1.0860653e+00  3.4549957e+01
 -1.8291264e+01 -1.6386072e+04  2.9708382e-01  9.8722305e+00
  8.8966818e+00 -4.0975356e+03  5.1212415e+02  6.5536523e+04
  6.5537625e+04 -3.2768684e+04  1.3107323e+05  2.5762463e+02
 -1.6385158e+04 -1.0242443e+03  3.3362225e+01  1.0485772e+06
  1.7049994e+01 -3.4127541e+01  3.2770102e+04  5.2429025e+05
 -3.8511169e-01 -8.6630106e-01  1.7116003e+01  5.2428869e+05
 -5.3107870e-01 -1.2850051e+00 -2.5771634e+02  2.6214425e+05
  6.0343474e-01  2.0494277e+03  3.7577981e-01 -1.1065118e+00
  1.2827042e+02  8.6421204e+00  6.5371573e-01  6.3265538e-01
 -2.0875118e+00 -5.2428831e+05 -1.2944814e+00 -1.2441288e+00
  8.1934678e+03 -3.6664741e+00 -8.1920059e+03  1.2816559e+02
  8.1932051e+03 -5.1298975e+02 -5.2428944e+05 -6.5536656e+04
 -2.0484893e+03  1.6487563e-01  9.6139848e-01 -1.1922444e+00
  1.9496225e+00 -2.4976366e+00 -1.2784938e+00  5.5890590e-01
 -3.4948272e-01  8.1816149e-01  8.6289757e-01 -1.8854427e+00]
	OpName : Ops.IDENTITY
	Original : [ 0.44777787 -1.0823376   0.21820949 -0.9246964   1.3110083   0.85537744
  1.4925908  -0.33150753 -0.05516307 -0.45259416 -1.485806   -0.7808672
  2.7568467   1.7124515   0.7081193  -1.0291333   1.4880519  -0.00564112
 -1.0813743   0.35793263 -0.20742951 -0.09093785 -0.8226399  -1.0322844
  1.8425655   1.3453088  -2.2480085   1.6418091  -1.7147651  -0.87511146
  0.7148038  -0.61798     2.279809    0.10826514  2.9877272   1.3410116
 -0.7102005   0.12507555  1.1471502   0.40367144 -0.75764793  1.195087
  0.21691042 -0.15552443 -2.2491748  -1.3815081   0.6918254   1.2968805
  1.4231405  -0.9678334   1.2228048   2.696702   -0.34628052  0.03729574
 -0.4523592   1.3042458  -0.5285644   1.5813746  -1.7917067   1.2161999
 -1.6042559   1.6810793   2.8020432  -1.0669222   2.0900383   1.7339448
  0.02063589  0.13911112 -0.04870346  1.3021263  -1.4837122   0.30599883
 -0.37389046  0.76208305 -0.1886278  -2.4239354   1.2995557  -0.5395396
  1.5433148  -0.70825416 -0.80046123  0.6395842  -0.48567608  0.38240182
 -0.14003418 -2.2216105   0.32188258  0.523653    0.00481157  0.37703285
 -1.0981809   1.6978914   1.260181    1.7783319  -0.5754064  -0.38487032
 -0.16147101  0.71748877  0.17860314  0.59508806  0.19052738  2.1738992
  1.4848758   2.1322532   1.3856059  -0.9211032   0.79054576 -0.35523114
  0.98954964  1.1721358   0.49038166  1.0462663   2.2979684  -0.03923868
  2.7339587   0.1163693   1.1328691  -0.07637748 -0.8535368   0.9796204
  1.7960294   0.38324237  1.5188621  -1.4766167   1.9918268  -1.0755873
 -1.0007436   0.14690949  1.2645106   2.5299482   2.7948244  -0.70015377
 -1.5742575  -1.9696664   0.92445105  2.5871053  -0.7308309  -1.888948
 -1.5792208  -0.94521004  0.511502   -1.5520291   0.23370199 -0.23650384
  0.3971567  -0.24278665 -0.02802964  1.7594682   0.19651365  0.7763872
  2.0259314  -0.30156416  0.8378892   2.5078256   0.847344   -2.0268583
 -0.71302956 -1.6783249   1.3224148  -1.2041491  -0.18246022  1.6366937
  2.4885767   0.8635687   0.3135348   1.3570749   0.6898242   0.5532612
 -2.6215265  -0.8933252   0.4566402  -1.3700231  -2.1503558   0.5288801
  1.3676597  -1.353028    0.8187628  -1.6664729   0.32852456 -0.82276076
  0.87118685  0.10622495 -0.2812951   1.4485836   0.7117177  -2.1284013
 -2.5108278  -1.2175997   0.51653236 -3.5575225  -2.762229   -1.2644378
 -0.30688366  1.915221   -1.0782528   2.549957   -2.2912645  -2.0730293
  0.30099007  1.8722303   0.89668137 -1.5355387   0.12416233  0.52627635
  1.6251156  -0.684628    1.2382538   1.62464    -1.1577299  -0.24430412
  1.3622252   1.2261149   1.0499928  -2.1275406   2.1027348   2.2525902
 -0.38608825 -0.3663011   1.1160027   0.67497945 -0.5154537  -1.2889113
 -1.7163314   0.24820173  0.85343474  1.4277296   0.37773293 -1.0752618
  0.27041018  0.6421205   0.6380907   0.8826554  -0.08751188 -0.29921985
 -1.2964345  -1.1816288   1.4674065  -3.166474   -0.00603513  0.16558751
  1.2052087  -0.9897239  -1.4163859  -0.65487427 -0.48931614  0.03987563
  0.9613985  -1.1922444   1.9496225  -2.4976366  -1.2784938   0.5589059
 -0.34948272  0.8181615   0.8628976  -1.8854427 ]
	Time : 0:00:21.321009
 }
{
	Count : 8
	Injected : [-5.79291010e+00  8.23564708e-01 -9.26432037e+00  3.01014513e-01
  6.43052979e+01  6.28883392e-03 -3.28190498e+01 -5.22117615e-02
  7.31378675e-01  1.28410995e+02 -1.63213384e+00 -5.24288938e+05
  1.61428051e+01  3.27690586e+04 -5.12081848e+02  2.04877271e+03
 -1.70430851e+01  1.02416382e+03 -1.18919164e-01  6.48656616e+01
 -3.24873328e-01 -3.27686836e+04  8.72387886e+00  1.74823399e+01
 -3.27681602e+04  1.02493408e+03  2.70620793e-01  1.64899616e+01
 -2.63175845e+00  1.02616528e+03  1.04502392e+00  8.43009531e-01
 -1.36534655e+00 -1.04857688e+06  2.16026500e-01  9.58810210e-01
 -4.18050922e-02 -1.41010797e+00 -2.57211182e+02 -2.62144031e+05
  6.21015370e-01 -5.01661718e-01  2.56407990e+02 -1.53622150e-01
 -1.61193810e+01  1.63852559e+04  3.30512404e-01 -1.29300125e+02
  6.55362109e+04  2.04880493e+03 -2.60713160e-01 -2.38141012e+00
 -3.89021277e-01 -2.62144812e+05 -8.19374512e+03 -6.55361641e+04
  2.04811890e+03  3.27683359e+04  2.84733963e+00 -6.55363984e+04
  2.04920459e+03  1.17112648e+00  4.68583107e-01  6.53973160e+01
  8.85922527e+00 -1.31072453e+05 -1.63849629e+04 -1.02515234e+03
 -3.15166056e-01  9.68441665e-01 -1.63841484e+04 -1.63842324e+04
  1.63845488e+04  6.55361172e+04 -8.35983634e-01 -2.56540222e+02
  1.83771145e+00 -4.01884437e-01  1.63852773e+04  2.98217535e-01
 -6.25167668e-01 -7.83140779e-01  5.13854126e+02 -1.02555957e+03
  6.72147810e-01 -2.92311367e-02 -3.59052159e-02  8.19277051e+03
 -1.21787739e+00 -6.55361875e+04 -6.55360703e+04  2.49521032e-01
 -1.05350723e+01  2.62144688e+05  3.20033112e+01  1.69993067e+00
 -1.04857638e+06  3.33939705e+01 -1.29520035e+02 -8.37969112e+00
 -3.43218654e-01  1.61071053e+01  4.09617676e+03  1.04857700e+06
  2.56793976e+02 -8.26550722e-02  5.24288938e+05  3.27683945e+04
  1.00596428e+00  2.57004761e+02 -1.02448560e+03  2.57099213e+02
 -1.04857888e+06  3.29929848e+01 -3.27987442e+01  2.57282867e+02
  6.76689088e-01  1.10004306e+00  1.63840801e+04 -7.38768101e-01
 -1.31072344e+05  8.19291211e+03 -6.41840458e-01 -1.63870488e+04
 -2.04832495e+03 -4.53460217e+00 -3.29967290e-01 -1.31072219e+05
  4.09607959e+03 -1.60149841e+01 -1.43810749e+00 -4.09649512e+03
 -6.51054153e+01 -3.72208953e-01  5.12394653e+02 -1.63844668e+04
 -2.56511627e+02  1.29208633e+02 -3.27690078e+04  1.04612041e+00
 -1.63858652e+04  6.55371875e+04 -2.88449383e+00 -8.51360226e+00
  1.02490112e+03  3.20298290e+00 -1.04857650e+06 -6.56911469e+01
 -3.60758752e-01 -5.14958862e+02 -3.27648964e+01  8.19243750e+03
 -8.02258134e-01 -2.32822910e-01 -8.19304785e+03 -2.04835718e+03
 -5.24288688e+05  3.22291222e+01 -1.63854980e+04 -1.64509749e+00
  6.55369219e+04  1.04857712e+06 -1.74275570e+01 -6.43483658e+01
  1.04857612e+06 -9.48375320e+00  4.09602490e+03  1.02523596e+03
  4.06224203e+00 -5.24288500e+05  1.36684585e+00  3.47021043e-01
  2.04840576e+03 -3.01495552e-01 -1.63849082e+04  1.02404712e+03
  2.18946800e-01 -7.80396044e-01 -1.03979850e+00  5.13646606e+02
 -2.04832300e+03 -8.31408310e+00 -1.13408411e+00 -8.46661106e-02
 -1.79082602e-02  5.24288438e+05  2.62144094e+05 -3.22645264e+01
  1.28150314e+02  6.50824189e-01  8.37034941e-01 -6.55366094e+04
  1.03398168e+00 -1.03969288e+00  3.24823112e+01 -1.63848008e+04
 -1.61469669e+01 -5.13308777e+02  1.69322681e+01 -4.15662050e-01
  1.04857625e+06  8.19276855e+03 -2.56047913e+02  3.27686484e+04
 -9.97903287e-01  1.83786702e+00  4.28181231e-01 -4.09637207e+03
 -5.13580627e+02  1.82343376e+00 -5.12224674e-01  6.85200274e-01
  2.27255392e+00 -1.90610158e+00 -5.24289250e+05 -1.82399597e+01
 -4.09653516e+03  3.18213433e-01  8.70755672e+00  2.57319244e+02
 -1.41874123e+00 -6.57215958e+01  6.55362734e+04  1.28544586e+02
 -1.63846914e+04  8.19211621e+03  6.42877579e+01 -3.23731852e+00
  4.09894287e+03 -3.19752598e+00  7.80985057e-01  2.56886261e+02
  2.04825977e+03  1.63850723e+04 -1.63843320e+04 -8.21157277e-01
 -1.63841250e+04 -6.55373359e+04 -3.22137299e+01 -6.55368750e+04
 -5.24994612e-01  5.24288375e+05  5.92688990e+00  1.63341789e+01
 -2.25741172e+00  2.56507507e+02 -1.28547943e+02 -4.31396216e-01
 -4.73127079e+00 -3.27693555e+04 -2.56569611e+02  1.61373825e+01
  1.30248582e+00  6.45613632e+01 -3.20045624e+01  1.39738739e-01
  7.63267219e-01 -1.16329288e+00 -2.62146688e+05  2.28727651e+00
 -5.99091625e+00 -1.63845605e+04 -2.73477495e-01 -8.07715654e-02
  8.19282617e+03 -1.03069472e+00 -4.83267099e-01 -7.59152710e-01
 -4.09733984e+03  4.66855168e-01 -3.28535042e+01 -5.12114380e+02
  1.02517676e+03 -1.02628748e+03 -5.51869929e-01  1.61158638e+01
  3.69710684e-01  4.09691260e+03  9.02967644e+00 -5.12542358e+02
  2.62144688e+05 -4.08445671e-02 -1.31072062e+05 -4.24894750e-01
  1.04857700e+06  4.50659811e-01 -1.67719209e+00  5.52752829e+00
 -1.05988955e+00  1.63841035e+04  2.62145281e+05 -7.50695348e-01
 -1.04857688e+06  3.80058110e-01  1.70154655e+00 -2.56587402e+02
 -3.27684180e+04  1.58089542e+00  4.16498870e-01  2.04922168e+03
 -2.04874536e+03 -1.63849160e+04 -1.04857775e+06  6.49519577e+01
  1.54015565e+00 -1.65407515e+00  2.62144281e+05 -8.19252637e+03
 -6.45261459e+01  2.03230813e-01  2.04964453e+03 -2.56356934e+02
 -2.38766134e-01 -1.26508132e-01  7.44570613e-01  1.02465625e+03
  1.85442519e+00  1.63854336e+04  1.29796051e+02 -1.28752396e+02
 -4.09669824e+03  2.70700026e+00  1.05545056e+00 -2.04884106e+03
 -3.23021660e+01  5.32520413e-02  4.09721777e+03  2.05639247e-02
 -1.04857625e+06 -8.19251465e+03 -5.00841916e-01  2.62144219e+05
 -1.33322561e+00 -1.02531177e+03  1.31073625e+05 -9.18216765e-01
  2.56378632e+02  4.48162667e-03  2.56435669e+02 -1.54573500e+00
 -1.04857688e+06 -2.04904956e+03 -1.63844062e+04 -5.24290188e+05
  8.70773911e-01  1.12218285e+00 -3.27680508e+04  3.20640450e+01
 -9.25946808e+00 -1.36074448e+00  4.91715527e+00  2.08741736e+00
 -6.43738327e+01  1.24987686e+00 -5.05847979e+00  3.27693047e+04
  3.27685156e+04  5.49167728e+00 -4.14442110e+00  8.19263281e+03
 -1.00252044e+00 -1.23881567e+00  4.50016737e+00 -2.57860901e+02
  8.19230273e+03  5.24289250e+05 -2.56592712e+02 -1.04857725e+06
 -1.29543228e+02 -3.15542150e+00 -1.29587662e+02  1.30130255e+00
 -1.61796615e-01 -1.35201550e+00 -3.27690781e+04 -1.45101452e+00
  3.01822037e-01  1.02509460e+03 -2.25982285e+00  1.32406569e+00
  1.28568314e+02  1.87011564e+00 -1.58222246e+00  4.09750684e+03
 -4.68526554e+00  8.81015062e-01  9.76792872e-01 -5.24290875e+05
 -5.24288250e+05 -6.55363359e+04 -1.63855430e+04  4.15222216e+00
  1.63862051e+04  5.12640686e+02 -2.27736175e-01  1.04857638e+06
 -6.55361250e+04 -8.62406373e-01  2.04905859e+03  8.19221484e+03
  1.30140805e+00  4.01331693e-01 -1.03495216e+00  4.09651221e+03
 -2.62144531e+05 -1.02440430e+03  8.19255273e+03 -3.36837921e+01
 -8.11094403e-01 -1.70465183e+01 -4.09665820e+03 -1.35915554e+00
 -3.23658981e+01 -1.63852734e+04  6.56184540e+01  3.23791046e+01
  7.38431096e-01  1.28214706e+02  2.59513593e+00 -5.24288875e+05
  8.74905810e-02 -1.02497070e+03  3.39493781e-01  8.19325586e+03
 -6.55376406e+04 -1.63849668e+04  3.95773649e-02  1.55423176e+00
  1.63651621e+00 -1.31072469e+05  5.13349548e+02 -1.28389648e+02
  5.24290312e+05 -1.04857638e+06 -1.02541187e+03  8.81102741e-01
 -5.24290125e+05 -8.19249121e+03  3.27685664e+04 -6.42599945e+01
 -7.53163218e-01  2.56353271e+02  1.61160793e+01  3.32893143e+01
  1.02432397e+03 -1.31072719e+05 -8.65354538e-02  2.04995996e+03
 -5.13138123e+02  5.12542053e+02  1.28389931e+00 -3.11564684e-01
 -1.63840020e+04 -2.62145406e+05 -1.63862891e+04 -2.08861852e+00
 -3.47402245e-01 -1.63849316e+04  4.22634935e+00 -2.28215307e-02
  3.51114541e-01 -1.10861921e+00 -1.04857650e+06 -2.56766449e+02
 -1.32869971e+00 -2.62144625e+05  1.02404126e+03 -1.71013470e+01
  3.27684453e+04  1.71629143e+00  2.11845860e-02 -1.02530347e+03
 -5.24288438e+05 -4.09721387e+03 -2.62144438e+05 -7.97400415e-01
  6.60263138e+01  1.16591297e-01  3.27693555e+04  4.09749609e+03
  2.11557716e-01 -8.19218848e+03 -2.57459625e+02  2.52047229e+00
  6.55365938e+04  4.09683496e+03  7.37619102e-01  6.49600506e-01
  1.28775620e+02  2.04812866e+03  2.04807544e+03 -6.86492622e-02
  1.60234871e+01 -1.02501257e+03  2.05476999e+00  8.38580251e-01
 -1.17393923e+00  1.63846250e+04 -8.24209499e+00 -3.33984299e+01
  3.84067804e-01  4.21358258e-01 -4.42793965e-02  2.04806641e+03
  1.31074516e+05 -8.95120716e+00 -1.64030921e+00 -5.71930647e-01
  4.26734734e+00 -4.09636133e+03 -7.85461217e-02  2.36505365e+00
 -4.09617236e+03  1.44715738e+00  1.04857700e+06  6.54167404e+01
  1.06015720e+01 -2.56153534e+02  4.24756145e+00  1.59041727e+00
 -1.02569397e+03 -6.36362851e-01 -1.02025127e+00  5.24288188e+05
 -3.27695234e+04  6.41632004e+01 -1.02476355e+03  1.31072562e+05
  6.45643234e+01 -3.56739759e-01 -1.31072344e+05  1.63846719e+04
  9.12009418e-01  1.04857612e+06  6.40266647e+01 -2.57020050e+02
 -8.32075310e+00  4.37897623e-01 -2.64315462e+00 -2.62146375e+05
 -1.23004466e-01 -2.31231451e-02 -1.02503101e+03 -8.19372559e+03
  2.56795837e+02  8.70718765e+00  1.63969364e+01  8.19201172e+03
 -2.26367354e+00 -3.27687812e+04 -1.04857688e+06  2.56114227e+02
  3.27685273e+04 -1.28370300e+02  5.43229759e-01  7.11771488e-01
 -3.46475601e-01 -8.19223730e+03 -1.04857612e+06  6.55361250e+04
  4.09662451e+03  1.82781667e-01 -3.27684414e+04 -3.27684297e+04
 -1.63843066e+04  1.12321615e+00  1.69426250e+00 -1.63844180e+04
 -1.67202930e+01 -2.33978525e-01  2.29287863e+00  1.02436707e+03
 -5.01763344e-01 -5.99030197e-01 -6.55365078e+04  6.24000013e-01
  3.27683164e+04 -3.27685977e+04 -1.02534058e+03 -1.46472192e+00
  2.04911938e+03  8.36078930e+00  1.02414734e+03 -4.13797474e+00
  6.46842651e+01  4.09641260e+03  1.63845254e+04 -2.62145469e+05
 -7.78249919e-01 -3.24827042e+01  1.67493582e-01  8.44549847e+00
 -3.07428092e-01  5.12989563e+02  1.55518174e+00  2.30622545e-01
 -1.63843164e+04 -3.21146965e+01 -1.40001774e+00  3.40829372e-01
 -5.12528137e+02  1.63847832e+04  1.63851797e+04 -1.31072703e+05
 -1.63842793e+04 -6.43470917e+01 -1.20273364e+00 -1.66890850e+01
  6.55380391e+04 -6.44169922e+01  1.02479456e+03 -1.20232439e+00
  2.74089026e+00  4.09651807e+03  9.22428012e-01 -7.53558576e-01
  3.21412277e+01 -2.56855682e+02 -1.33191597e+00 -2.57321075e+02
  2.62145594e+05 -4.43196371e-02  8.19229102e+03  1.02429956e+03
  7.32878447e-01  6.56564459e-02 -5.24288562e+05  6.30597994e-02
  2.18045282e+00 -8.19219727e+03  2.04832690e+03 -5.24289062e+05
  1.02429712e+03 -1.29057388e+02  1.45400953e+00 -1.02463660e+03
 -3.21202202e+01  1.77976084e+00  9.42601383e-01 -1.03964818e+00
  1.31073469e+05 -1.89984366e-01 -8.33428192e+00  1.47124314e+00
 -1.72691059e+01 -3.58488172e-01 -6.42556229e+01  8.60443401e+00
  1.02468481e+03 -1.24520969e+00  1.02543359e+03  4.71212953e-01
  2.53826857e+00 -1.63842734e+04 -2.51313061e-01 -5.24288625e+05
 -2.04887158e+03  1.04857612e+06 -9.22552204e+00 -8.19229199e+03
 -5.13521484e+02  1.68504391e+01 -4.37438250e-01 -1.31072297e+05
 -2.62144188e+05  5.24289562e+05  3.69366229e-01 -1.77959785e+01
  5.24288875e+05  1.63843965e+04 -2.29739261e+00 -6.62138510e+00
  4.32135105e+00 -1.28360764e+02  1.31072906e+05 -4.08778191e+00
 -1.49282670e+00 -5.12218506e+02 -1.63846914e+04 -5.53249419e-01
 -5.12171509e+02  1.28561478e+02  1.02456665e+03  1.60291329e-01
  9.44262743e-03  1.04857725e+06  8.09562206e+00  1.63844531e+04
 -2.62144969e+05 -4.02743220e-01  1.04857775e+06  2.57050446e+02
 -2.56186096e+02 -6.48770752e+01  6.55363125e+04 -8.03824186e-01
 -3.27682617e+04 -5.13416443e+02 -1.63843477e+04  2.04805298e+03
 -2.56504547e+02 -1.67772255e+01 -1.11532879e+00 -1.51151323e+00
  3.27695781e+04 -1.31072766e+05 -1.31072422e+05 -1.41278827e+00
  8.19213574e+03  4.09609326e+03  5.24288750e+05 -3.27691992e+04
 -1.64117718e+00  6.16563857e-01 -1.77024727e+01 -1.63849180e+04
  9.62575376e-01 -6.17849886e-01  1.68035626e-01  4.29044843e-01
  4.09661475e+03 -1.63849219e+04  6.51448593e+01 -3.52890015e-01
  9.97492194e-01  3.05545473e+00 -1.31072062e+05  5.24288125e+05
  6.55368516e+04 -1.31072500e+05  3.34141388e+01  8.19233789e+03
  4.76100492e+00  4.29406732e-01 -4.30294704e+00  2.04866968e+03
 -6.24688923e-01 -7.11377561e-02  1.31072141e+05  6.03501415e+00
  2.04831641e+03  2.56141327e+02 -6.55362656e+04  2.62144500e+05
  6.41825676e-01 -3.27698555e+04  1.31072781e+05  1.23340392e+00
 -1.54669416e+00 -5.26283920e-01  1.00195634e+00 -3.27684570e+04
  1.02428992e+03  6.55372266e+04 -6.58415258e-01 -2.28746438e+00
 -6.55370547e+04  1.29094879e+02 -2.04893799e+03 -3.27683320e+04
 -6.40069656e+01  1.63840488e+04 -3.77461374e-01 -5.13744019e+02
 -5.24288188e+05 -5.24288312e+05 -1.82213867e+00  6.79148808e-02
  4.09678125e+03  1.63845312e+04  3.22987137e+01 -2.02237082e+00
  4.09634912e+03  1.33709276e+00  1.34767902e+00  1.45247567e+00
 -1.22628307e+00  8.37643892e-02 -2.92483389e-01  8.85197222e-01
  1.82930633e-01 -3.77745569e-01  7.41087735e-01  3.91953029e-02]
	OpName : Ops.IDENTITY
	Original : [-1.79290998e+00  9.48564708e-01 -1.26432085e+00  3.63514513e-01
  3.05298716e-01  6.87888339e-02 -8.19048882e-01 -2.05221176e+00
  7.23566175e-01  4.10991758e-01 -1.13213384e+00 -9.39422309e-01
  1.42804548e-01  1.05695355e+00 -8.18250924e-02  7.72724748e-01
 -1.04308569e+00  1.63849577e-01 -3.68919164e-01  8.65661025e-01
 -8.24873328e-01 -6.82413518e-01  7.23878443e-01  1.48234022e+00
 -1.59870014e-01  9.34083760e-01  3.95620793e-01  4.89961565e-01
 -2.88175845e+00  2.16531587e+00  1.01377392e+00  8.39103281e-01
 -1.37315905e+00 -9.16622877e-01  1.53526500e-01  7.08810210e-01
 -3.39925922e-02 -1.42573297e+00 -1.21117437e+00 -1.69495344e-02
  7.46015370e-01 -5.09474218e-01  4.07985479e-01 -2.86221579e-02
 -1.19380891e-01  1.25492978e+00  8.05124193e-02 -1.30012059e+00
  2.10096449e-01  8.04990828e-01 -2.61689723e-01 -2.25641012e+00
 -4.51521277e-01 -8.25606346e-01 -1.74541271e+00 -1.67400405e-01
  1.18899681e-01  3.37060988e-01  2.59733963e+00 -3.97898078e-01
  1.20470548e+00  1.16917336e+00  4.52958107e-01  1.39731479e+00
  8.59225452e-01 -4.52160656e-01 -9.62400198e-01 -1.15234375e+00
 -3.13212931e-01  9.64535415e-01 -1.47492155e-01 -2.33092546e-01
  5.47880352e-01  1.18766382e-01 -5.85983634e-01 -5.40231466e-01
  1.86896145e+00 -3.99931312e-01  1.27681625e+00  1.29821754e+00
 -5.00167668e-01 -1.78314078e+00  1.85411835e+00 -1.55956185e+00
  6.79960310e-01 -2.14186367e-02 -3.19989659e-02  7.70917833e-01
 -1.21397114e+00 -1.86606467e-01 -7.21270740e-02  2.41708532e-01
 -2.53507257e+00  7.01860726e-01  3.31083313e-03  1.73118067e+00
 -3.28152955e-01  1.39396882e+00 -1.52003074e+00 -3.79691213e-01
 -3.74468654e-01  1.07104957e-01  1.76856458e-01  9.45193112e-01
  7.93969512e-01 -3.32655072e-01  9.13283944e-01  3.94739002e-01
  1.00205803e+00  1.00477362e+00 -4.85633254e-01  1.09920132e+00
 -2.93710446e+00  9.92985785e-01 -7.98745334e-01  1.28287125e+00
  1.76689073e-01  1.06879306e+00  8.01192671e-02 -7.23143101e-01
 -3.37636054e-01  9.12109077e-01 -6.73090458e-01 -3.04812503e+00
 -3.24895948e-01 -5.34602165e-01 -3.37779790e-01 -2.11981744e-01
  7.97690153e-02 -1.49849802e-02 -1.31310749e+00 -4.95089501e-01
 -1.10541761e+00 -4.97208953e-01  3.94624025e-01 -4.67285514e-01
 -5.11622608e-01  1.20863092e+00 -1.00955737e+00  1.04514384e+00
 -1.86608696e+00  1.19045687e+00 -8.84493709e-01 -5.13602376e-01
  9.01151955e-01  1.20298278e+00 -5.28201997e-01 -1.69114399e+00
 -3.68571252e-01 -2.95887470e+00 -7.64895022e-01  4.37182635e-01
 -8.10070634e-01 -2.28916660e-01 -1.04802418e+00 -3.57135564e-01
 -6.79021835e-01  2.29121685e-01 -1.49849617e+00 -1.14509749e+00
  9.23646688e-01  1.10784960e+00 -1.42755711e+00 -3.48365992e-01
  9.91699025e-02 -1.48375320e+00  2.50320639e-02  1.23601055e+00
  6.22419864e-02 -5.25503337e-01  3.66845846e-01  9.70210284e-02
  4.05832738e-01 -8.01495552e-01 -9.07406747e-01  4.71394509e-02
  1.87696800e-01 -7.72583544e-01 -3.97984795e-02  1.64659202e+00
 -3.22917312e-01 -3.14082652e-01 -1.13310754e+00 -8.56426731e-02
 -8.04082602e-02  4.06382352e-01  1.03610747e-01 -2.64526516e-01
  1.50314882e-01  6.48871064e-01  8.68284941e-01 -6.07542396e-01
  1.03788793e+00 -1.16469288e+00  4.82309580e-01 -8.01549911e-01
 -1.46967292e-01 -1.30877852e+00  9.32268560e-01 -1.65662035e-01
  2.58271873e-01  7.68117011e-01 -4.79129963e-02  6.47612333e-01
 -7.47903287e-01  8.37867022e-01  9.28181231e-01 -3.71919274e-01
 -1.58059871e+00  1.81562126e+00 -5.43474674e-01  6.84223711e-01
  2.27157736e+00 -1.89828908e+00 -1.23054457e+00 -2.23995996e+00
 -5.35119355e-01  3.33838433e-01  7.07556844e-01  1.31923592e+00
 -1.41971779e+00 -1.72159505e+00  2.76377976e-01  5.44587195e-01
 -6.92064583e-01  1.16112918e-01  2.87754774e-01 -1.23731840e+00
  2.94267488e+00 -1.19752610e+00  8.43485057e-01  8.86252582e-01
  2.59814292e-01  1.07270038e+00 -3.31421912e-01 -5.71157277e-01
 -1.25630200e-01 -1.33884072e+00 -2.13729724e-01 -8.74164581e-01
 -1.52499461e+00  3.95843208e-01  1.92688990e+00  3.34178269e-01
 -2.28866172e+00  5.07514656e-01 -5.47950745e-01 -4.35302466e-01
 -7.31270730e-01 -1.35561037e+00 -5.69611013e-01  1.37382805e-01
  1.30150926e+00  5.61360002e-01 -4.56400495e-03  2.02238739e-01
  7.59360969e-01 -1.15938663e+00 -2.69217372e+00  2.87276477e-01
 -1.99091613e+00 -5.60111761e-01 -2.77383745e-01 -1.08077157e+00
  8.26587796e-01 -1.02971816e+00 -2.33267099e-01 -7.74777710e-01
 -1.33997130e+00  2.16855168e-01 -8.53504837e-01 -1.14372514e-01
  1.17675018e+00 -2.28745389e+00 -5.18699326e-02  1.15864493e-01
  1.19710684e-01  9.12668169e-01  1.02967608e+00 -5.42344749e-01
  6.72358096e-01 -1.03344567e-01 -6.91500753e-02 -4.28801000e-01
  9.91721690e-01  4.46753561e-01 -1.55219209e+00  1.52752817e+00
 -5.98895401e-02  1.03506021e-01  1.27822697e+00 -7.51671910e-01
 -8.27617645e-01  1.30058125e-01  1.70252311e+00 -5.87414742e-01
 -4.16978270e-01  5.80895364e-01  4.17475432e-01  1.22176552e+00
 -7.45394468e-01 -9.15936470e-01 -1.77492058e+00  9.51961040e-01
  1.53917909e+00 -1.15407515e+00  2.66551733e-01 -5.26140451e-01
 -5.26147902e-01  2.05183938e-01  1.64463508e+00 -3.56936693e-01
 -7.38766134e-01 -1.34320632e-01  7.48476863e-01  6.56286776e-01
  8.54425251e-01  1.43389237e+00  1.79604995e+00 -7.52403200e-01
 -6.98425829e-01  7.07000136e-01  1.05642712e+00 -8.40996504e-01
 -3.02165329e-01  5.53252041e-01  1.21758211e+00  2.83764247e-02
 -2.52742529e-01 -5.15069485e-01 -5.63341916e-01  2.25362539e-01
 -1.34103811e+00 -1.31181681e+00  1.62553227e+00 -8.86966765e-01
  3.78616482e-01  5.75376616e-04  4.35671866e-01 -1.53792250e+00
 -8.99691403e-01 -1.04951572e+00 -4.05287266e-01 -2.16967773e+00
  8.55148911e-01  1.05968285e+00 -5.04789799e-02  6.40436634e-02
 -1.25946820e+00 -1.32949448e+00  9.17155504e-01  2.33741736e+00
 -3.73830736e-01  1.24890029e+00 -1.05847979e+00  1.30620766e+00
  5.15280366e-01  1.49167728e+00 -1.44421220e-01  6.32724345e-01
 -1.00642669e+00 -1.24662817e+00  5.00167489e-01 -1.86090016e+00
  3.02835792e-01  1.26298499e+00 -5.92710197e-01 -1.30550301e+00
 -1.54322159e+00 -1.15542150e+00 -1.58766055e+00  1.36380255e+00
 -1.60820052e-01 -3.52015465e-01 -1.07900298e+00 -1.32601452e+00
  5.18220440e-02  1.09455895e+00 -2.26372910e+00  1.32308912e+00
  5.68311989e-01  1.37011564e+00 -5.82222402e-01  1.50678635e+00
 -6.85265422e-01  8.81991625e-01  9.68980372e-01 -2.85162282e+00
 -2.54151195e-01 -3.34392726e-01 -1.54252017e+00  1.52222052e-01
  2.20532370e+00  6.40690029e-01 -2.19923675e-01  3.39203268e-01
 -1.26616687e-01 -8.66312623e-01  1.05852282e+00  2.14788258e-01
  3.01408023e-01  4.05237943e-01 -3.49522159e-02  5.12400806e-01
 -5.17060697e-01 -4.04315174e-01  5.52556217e-01 -1.68379283e+00
 -5.61094403e-01 -1.04651904e+00 -6.58187509e-01 -1.48415554e+00
 -3.65897626e-01 -1.27331698e+00  1.61845112e+00  3.79105508e-01
  9.88431096e-01  2.14702055e-01  5.95135987e-01 -8.97100806e-01
  2.49905828e-02 -9.70761955e-01  3.38517219e-01  1.25565755e+00
 -1.64199281e+00 -9.67052579e-01  1.03957736e+00  1.53860676e+00
  1.66776621e+00 -4.65826064e-01  1.34955204e+00 -3.89646411e-01
  2.28617167e+00 -3.85493457e-01 -1.41186917e+00  8.88915241e-01
 -2.15327668e+00 -4.91035759e-01  5.66154718e-01 -2.59990871e-01
 -7.60975718e-01  3.53284210e-01  1.16080210e-01  1.28931439e+00
  3.23955357e-01 -7.14639366e-01 -8.75120163e-02  1.96007836e+00
 -1.13814771e+00  5.42071342e-01  1.25264931e+00 -3.10588121e-01
 -2.31465953e-03 -1.41226244e+00 -2.28975344e+00 -8.86184350e-02
 -3.63027245e-01 -9.31369960e-01  2.26349279e-01 -3.06340307e-02
  1.01114534e-01 -1.07736921e+00 -5.59275985e-01 -7.66449094e-01
 -1.26619971e+00 -6.13222361e-01  4.12894972e-02 -1.10134685e+00
  4.45536733e-01  7.16291368e-01  5.55958506e-03 -1.30352116e+00
 -4.09337968e-01 -1.21382070e+00 -4.27233011e-01 -7.99353540e-01
  2.02631545e+00  5.40912971e-02  1.35688269e+00  1.49589121e+00
  4.61557716e-01 -1.88399523e-01 -1.45962048e+00  5.20472288e-01
  5.89950621e-01  8.34989250e-01  7.41525352e-01  6.48623943e-01
  7.75621772e-01  1.28679261e-01  7.54151121e-02 -9.98992622e-02
  2.34878361e-02 -1.01254559e+00  5.47698885e-02  8.39556813e-01
 -1.73939183e-01  6.24052942e-01 -2.42095396e-01 -1.39842832e+00
  1.34067804e-01  2.96358258e-01 -5.44279397e-01  6.64348453e-02
  2.51682305e+00 -9.51206982e-01 -1.63640296e+00 -2.57193065e+00
  2.67347425e-01 -3.61221761e-01 -6.29211217e-02  3.65053624e-01
 -1.72284320e-01  4.47157443e-01  1.05376220e+00  1.41674042e+00
  2.60157251e+00 -1.53542086e-01  2.47561321e-01  1.09041727e+00
 -1.69393408e+00 -6.34409726e-01 -1.05150127e+00  2.06168845e-01
 -1.52466357e+00  1.63197726e-01 -7.63513327e-01  5.57972908e-01
  5.64324439e-01 -3.58692884e-01 -3.48677993e-01  6.71930075e-01
  4.12009418e-01  7.73326829e-02  2.66624447e-02 -1.02004290e+00
 -3.20752650e-01  4.45710123e-01 -2.65096712e+00 -2.37223411e+00
 -2.48004466e-01 -2.73123145e-01 -1.03098142e+00 -1.72549713e+00
  7.95832753e-01  7.07187653e-01  3.96935761e-01  1.19823385e-02
 -2.25976729e+00 -7.80999303e-01 -8.69191289e-01  1.14213198e-01
  5.27875960e-01 -3.70292753e-01  5.45182884e-01  6.49271488e-01
 -3.50381851e-01 -2.36852273e-01 -1.69177830e-01  1.23561524e-01
  6.24624193e-01  1.74969167e-01 -4.40037519e-01 -4.31529075e-01
 -3.06503713e-01  1.23216115e-01  6.94262505e-01 -4.17935550e-01
 -7.20293343e-01 -2.32025400e-01  2.29092550e+00  3.67005140e-01
 -7.51763344e-01 -5.95123947e-01 -5.06807864e-01  6.16187513e-01
  3.16729546e-01 -5.97608805e-01 -1.34052205e+00 -1.46374536e+00
  1.11938488e+00  3.60789359e-01  1.47335678e-01 -1.37974635e-01
  6.84263349e-01  4.12707150e-01  5.26069522e-01 -1.46602058e+00
 -7.80203044e-01 -4.82703358e-01  1.66517019e-01  4.45498705e-01
 -3.08404654e-01  9.89559174e-01  5.55181801e-01  1.68122545e-01
 -3.16159338e-01 -1.14694916e-01 -1.38439274e+00  2.78329372e-01
 -5.28138399e-01  7.82603621e-01  1.18033206e+00 -7.10619867e-01
 -2.78710574e-01 -3.47089410e-01 -1.19492114e+00 -6.89084291e-01
  2.03760314e+00 -4.16991383e-01  7.94547677e-01 -1.13982439e+00
  2.67839026e+00  5.18130422e-01  4.22428012e-01 -2.53558576e-01
  1.41226053e-01 -8.55676472e-01 -1.31629097e+00 -1.32107043e+00
  1.57866395e+00 -4.62727621e-02  2.90884197e-01  2.99538136e-01
  7.28972197e-01  9.69064459e-02 -5.62418401e-01  7.08722994e-02
  1.80452809e-01 -1.97032735e-01  3.26906353e-01 -1.08880603e+00
  2.97087908e-01 -1.05738723e+00  1.20400953e+00 -6.36537373e-01
 -1.20219730e-01  1.27976084e+00  9.38695133e-01 -3.96482162e-02
  1.46520746e+00 -1.93890616e-01 -3.34281683e-01  4.71243143e-01
 -1.26910555e+00 -3.57511610e-01 -2.55620927e-01  6.04433715e-01
  6.84864819e-01 -1.18270969e+00  1.43353581e+00  4.69259828e-01
  2.60076857e+00 -2.74100274e-01 -3.76313061e-01 -6.30835950e-01
 -8.71501386e-01  8.74201432e-02 -1.22552180e+00 -2.92321593e-01
 -1.52150536e+00  8.50439250e-01 -4.35485125e-01 -3.00634205e-01
 -1.74749210e-01  1.53360105e+00  8.69366229e-01 -1.79597914e+00
  8.75446200e-01  3.96982878e-01 -2.26614261e+00 -2.62138510e+00
  3.21351200e-01 -3.60765666e-01  9.03872848e-01 -8.77818018e-02
 -4.92826670e-01 -2.18525901e-01 -6.91469908e-01 -6.78249419e-01
 -1.71499804e-01  5.61474323e-01  5.66669703e-01  1.75916329e-01
  1.34442627e-01  1.29166138e+00  9.56221968e-02  4.52241153e-01
 -9.56197679e-01 -1.40274322e+00  1.77438903e+00  1.05043125e+00
 -1.86108023e-01 -8.77076864e-01  3.14414382e-01 -3.03824216e-01
 -2.60414958e-01 -1.41646731e+00 -3.48021150e-01  5.29036969e-02
 -5.04539847e-01 -7.77225673e-01 -1.24032879e+00 -1.50956011e+00
  1.57882023e+00 -7.63001919e-01 -4.28063512e-01 -1.40888202e+00
  1.35759637e-01  9.32795107e-02  7.56772876e-01 -1.19924486e+00
 -6.41177177e-01  6.00938857e-01 -1.70247185e+00 -9.18094277e-01
  9.66481626e-01 -6.02224886e-01  1.60223126e-01  1.42904484e+00
  6.14804089e-01 -9.22386289e-01  1.14485836e+00 -3.21640015e-01
  9.93585944e-01  3.05643129e+00 -5.62959015e-02  1.29338250e-01
  8.54068279e-01 -4.99626219e-01  1.41414058e+00  3.37476760e-01
  7.61005104e-01  4.28430170e-01 -3.02947015e-01  6.69610560e-01
 -5.62188923e-01 -1.96137756e-01  1.45576656e-01  2.03501415e+00
  3.16404045e-01  1.41318679e-01 -2.62029648e-01  4.89468217e-01
  6.26200676e-01 -1.85715818e+00  7.75174499e-01  1.22949767e+00
 -1.04669416e+00 -5.57533920e-01  1.12695634e+00 -4.57756221e-01
  2.89916784e-01  1.22669327e+00 -6.27165258e-01 -2.03746438e+00
 -1.05331063e+00  1.09487677e+00 -9.37958837e-01 -3.30393851e-01
 -6.96229795e-03  4.95039150e-02 -3.81367624e-01 -1.74401772e+00
 -1.71270981e-01 -3.29059154e-01 -1.32213867e+00  6.69383183e-02
  7.81367660e-01  5.31171262e-01  2.98715502e-01 -2.23707166e-02
  3.49232972e-01  1.27459276e+00  1.34767902e+00  1.45247567e+00
 -1.22628307e+00  8.37643892e-02 -2.92483389e-01  8.85197222e-01
  1.82930633e-01 -3.77745569e-01  7.41087735e-01  3.91953029e-02]
	Time : 0:00:42.897571
 }
