Starting log at 2022-05-07 18:27:05.899140

{
	Count : 5
	Injected : [ 8.4477777e+00 -2.5708234e+02  2.5621820e+02 -2.0489248e+03
  1.3031958e+00  8.1928555e+03  5.1349261e+02 -1.3315076e+00
 -6.4055161e+01 -4.0964526e+03 -2.0494858e+03 -3.2780869e+01
  3.7568467e+00  2.5771246e+02  2.7081194e+00 -1.0213208e+00
  6.5488052e+01 -1.7348719e-03 -1.1126243e+00  4.3579326e+00
 -2.5620743e+02 -1.6090939e+01 -8.8226395e+00 -1.6385033e+04
  5.8425655e+00  3.4530878e-01 -1.3024800e+02  1.7043091e+00
 -1.6991401e+00 -1.2887511e+02  2.0487148e+03 -7.4298000e-01
  1.0262798e+03  1.6384107e+04  2.9867506e+00  1.3400351e+00
 -4.0967100e+03  3.2125076e+01  1.3107314e+05  2.7867144e-01
 -4.7576480e+00  1.1911807e+00  2.0128542e-01 -2.1555245e+00
 -2.7491748e+00 -1.7381508e+01  6.9963789e-01  2.5729688e+02
  1.0254231e+03 -2.6214497e+05  1.0252228e+03  5.1469672e+02
 -8.4628052e-01  3.8272303e-02 -2.4523592e+00  8.1933047e+03
 -1.0485765e+06  5.5813746e+00 -1.7604567e+00  4.0972163e+03
 -1.0485776e+06  3.2769680e+04  3.8020432e+00 -6.6922188e-02
  2.0275383e+00  8.1937344e+03  4.0206361e+00  1.3715799e-01
 -2.6214406e+05  3.0212629e-01 -1.4993372e+00  1.0485762e+06
 -3.2373890e+01  1.3107277e+05 -1.9644029e-01 -2.6214644e+05
  2.6214531e+05 -2.5653955e+02  1.6683148e+00 -1.3107270e+05
 -2.0488005e+03  3.2639584e+01 -2.4856761e+00  2.5638242e+02
 -1.0241400e+03 -2.6214622e+05  4.4688258e-01  8.1925234e+03
  5.7881353e-03  1.0485764e+06 -1.5981809e+00  1.7697891e+01
  9.2601814e+00  1.0257783e+03 -8.2540637e-01 -3.8877657e-01
 -2.0481614e+03  8.1927178e+03  5.2428819e+05  6.5536594e+04
  6.5527380e-02  2.1748757e+00  1.4868289e+00  1.3225317e-01
  1.4481059e+00 -4.2110318e-01  2.5679056e+02 -4.8023114e-01
  9.9150276e-01  1.0251721e+03  1.0485765e+06  4.0970464e+03
  3.2770297e+04 -1.2803925e+02  6.5538734e+04  1.3107211e+05
  3.2769133e+04 -5.2428806e+05 -8.5744303e-01  3.2979622e+01
  1.0257960e+03  1.6383242e+01  1.5178856e+00 -5.1347662e+02
  1.3107398e+05 -5.2428906e+05 -3.2769000e+04  1.6384146e+04
  1.3895106e+00  1.0529948e+01  1.3107480e+05 -1.0247002e+03
 -5.2428956e+05 -1.8446664e+00  9.3226355e-01  1.0587105e+01
 -1.2873083e+02 -1.8811355e+00 -5.7922077e-01 -1.9452100e+00
  3.2511501e+01 -1.5207791e+00  2.2337019e+00 -6.5536234e+04
  3.9520356e-01 -1.6242786e+01 -1.6384027e+04  2.0497595e+03
  1.8870115e-01  8.3888721e-01  6.5538023e+04 -1.0485762e+06
  1.2883789e+02  2.6214650e+05  8.5125023e-01 -1.0026858e+01
 -7.1107644e-01 -6.5537680e+04  1.8224148e+00 -2.6214522e+05
 -1.3107219e+05  2.5763669e+02  3.4488575e+01  2.5686356e+02
  4.3135347e+00  1.3492624e+00  1.8982422e-01  5.6107372e-01
 -6.6621529e+01 -6.5536891e+04  1.3107245e+05 -1.1200231e+00
 -2.1816058e+00  6.4528877e+01  1.3715659e+00 -1.3107336e+05
  9.4376278e-01 -1.7666473e+01  3.2768328e+04 -7.6026076e-01
  1.2887119e+02  8.1062250e+00 -3.4379509e-01  5.1344861e+02
  7.1269429e-01 -2.1440263e+00 -2.6358278e+00 -6.5537219e+04
  5.2434486e-01 -2.0515576e+03 -1.8762230e+01 -5.2644377e+00
 -1.0243069e+03  9.1522098e-01 -1.5782528e+00  2.5577695e+00
 -1.3029126e+02 -2.0769355e+00  2.5630099e+02  1.8097303e+00
  9.0449387e-01 -3.3535538e+01  6.4124161e+01  2.0485264e+03
  6.5625114e+01 -6.6900301e-01  6.5238251e+01  1.2962463e+02
 -3.2769156e+04 -5.2428825e+05  1.3309752e+00  3.2769227e+04
  1.2904999e+02 -2.1587906e+00  6.6102737e+01  2.2535667e+00
 -2.5638608e+02 -1.6366301e+01  8.1931162e+03  6.4372945e-01
 -6.5536516e+04 -1.2967238e+00 -5.7163315e+00  1.0485762e+06
  6.0343474e-01  3.4277296e+00  1.0485764e+06 -2.6214506e+05
  1.6270411e+01  1.6642120e+01  5.2428862e+05  1.6882656e+01
 -8.6535320e-02 -1.0485762e+06 -1.0485772e+06 -5.1318164e+02
  5.2428944e+05 -3.1820991e+00 -1.6384006e+04  6.6558754e-01
  6.5537203e+04 -9.7409892e-01 -4.1638589e-01 -6.3924927e-01
 -2.0484893e+03  8.0398760e+00  9.6139848e-01 -1.1922444e+00
  1.9496225e+00 -2.4976366e+00 -1.2784938e+00  5.5890590e-01
 -3.4948272e-01  8.1816149e-01  8.6289757e-01 -1.8854427e+00]
	OpName : Ops.IDENTITY
	Original : [ 0.44777787 -1.0823376   0.21820949 -0.9246964   1.3110083   0.85537744
  1.4925908  -0.33150753 -0.05516307 -0.45259416 -1.485806   -0.7808672
  2.7568467   1.7124515   0.7081193  -1.0291333   1.4880519  -0.00564112
 -1.0813743   0.35793263 -0.20742951 -0.09093785 -0.8226399  -1.0322844
  1.8425655   1.3453088  -2.2480085   1.6418091  -1.7147651  -0.87511146
  0.7148038  -0.61798     2.279809    0.10826514  2.9877272   1.3410116
 -0.7102005   0.12507555  1.1471502   0.40367144 -0.75764793  1.195087
  0.21691042 -0.15552443 -2.2491748  -1.3815081   0.6918254   1.2968805
  1.4231405  -0.9678334   1.2228048   2.696702   -0.34628052  0.03729574
 -0.4523592   1.3042458  -0.5285644   1.5813746  -1.7917067   1.2161999
 -1.6042559   1.6810793   2.8020432  -1.0669222   2.0900383   1.7339448
  0.02063589  0.13911112 -0.04870346  1.3021263  -1.4837122   0.30599883
 -0.37389046  0.76208305 -0.1886278  -2.4239354   1.2995557  -0.5395396
  1.5433148  -0.70825416 -0.80046123  0.6395842  -0.48567608  0.38240182
 -0.14003418 -2.2216105   0.32188258  0.523653    0.00481157  0.37703285
 -1.0981809   1.6978914   1.260181    1.7783319  -0.5754064  -0.38487032
 -0.16147101  0.71748877  0.17860314  0.59508806  0.19052738  2.1738992
  1.4848758   2.1322532   1.3856059  -0.9211032   0.79054576 -0.35523114
  0.98954964  1.1721358   0.49038166  1.0462663   2.2979684  -0.03923868
  2.7339587   0.1163693   1.1328691  -0.07637748 -0.8535368   0.9796204
  1.7960294   0.38324237  1.5188621  -1.4766167   1.9918268  -1.0755873
 -1.0007436   0.14690949  1.2645106   2.5299482   2.7948244  -0.70015377
 -1.5742575  -1.9696664   0.92445105  2.5871053  -0.7308309  -1.888948
 -1.5792208  -0.94521004  0.511502   -1.5520291   0.23370199 -0.23650384
  0.3971567  -0.24278665 -0.02802964  1.7594682   0.19651365  0.7763872
  2.0259314  -0.30156416  0.8378892   2.5078256   0.847344   -2.0268583
 -0.71302956 -1.6783249   1.3224148  -1.2041491  -0.18246022  1.6366937
  2.4885767   0.8635687   0.3135348   1.3570749   0.6898242   0.5532612
 -2.6215265  -0.8933252   0.4566402  -1.3700231  -2.1503558   0.5288801
  1.3676597  -1.353028    0.8187628  -1.6664729   0.32852456 -0.82276076
  0.87118685  0.10622495 -0.2812951   1.4485836   0.7117177  -2.1284013
 -2.5108278  -1.2175997   0.51653236 -3.5575225  -2.762229   -1.2644378
 -0.30688366  1.915221   -1.0782528   2.549957   -2.2912645  -2.0730293
  0.30099007  1.8722303   0.89668137 -1.5355387   0.12416233  0.52627635
  1.6251156  -0.684628    1.2382538   1.62464    -1.1577299  -0.24430412
  1.3622252   1.2261149   1.0499928  -2.1275406   2.1027348   2.2525902
 -0.38608825 -0.3663011   1.1160027   0.67497945 -0.5154537  -1.2889113
 -1.7163314   0.24820173  0.85343474  1.4277296   0.37773293 -1.0752618
  0.27041018  0.6421205   0.6380907   0.8826554  -0.08751188 -0.29921985
 -1.2964345  -1.1816288   1.4674065  -3.166474   -0.00603513  0.16558751
  1.2052087  -0.9897239  -1.4163859  -0.65487427 -0.48931614  0.03987563
  0.9613985  -1.1922444   1.9496225  -2.4976366  -1.2784938   0.5589059
 -0.34948272  0.8181615   0.8628976  -1.8854427 ]
	Time : 0:00:00.135417
 }
{
	Count : 1
	Injected : [[ 1.2824176e+02  3.2768621e+04  4.0960234e+03 ... -6.2860906e-01
   3.2722668e+01  1.3107225e+05]
 [ 5.2428875e+05 -6.5342743e+01  6.5536391e+04 ...  1.4173610e+00
  -2.7563696e+00  8.1938975e+03]
 [-5.3051591e-01 -3.2979467e+00 -2.0499854e+03 ...  5.2428900e+05
  -3.2307243e+01  2.0488481e+03]
 ...
 [-2.0494368e+03  5.2428900e+05 -4.8032606e-01 ...  3.2768117e+04
  -2.6214406e+05  3.2703068e+01]
 [-3.3147327e+01  3.9637718e-01 -6.5945930e+01 ... -6.4549095e+01
  -2.6214488e+05 -1.0485772e+06]
 [ 5.2428850e+05  6.4544945e+01  4.4132752e+00 ... -6.7889333e-01
   4.5153087e-01  1.1080121e+00]]
	OpName : Ops.IDENTITY
	Original : [[ 0.24175833  0.62256306  0.02351193 ... -0.69110906  0.72266775
   0.25333825]
 [ 0.7394412  -1.3427453   0.38737878 ...  1.386111   -2.5063696
   1.897753  ]
 [-0.5148909  -1.2979467  -1.9853786  ...  0.98813766 -0.30724365
   0.84803647]
 ...
 [-1.4366666   0.9898795  -0.47837293 ...  0.11564596 -0.05996413
   0.7030681 ]
 [-1.1473277   0.3954006  -1.9459286  ... -0.5490982  -0.8726454
  -1.3121736 ]
 [ 0.49295434  0.5449434   0.41327542 ... -0.6788933   0.45153087
   1.1080121 ]]
	Time : 0:00:27.802638
 }
{
	Count : 2
	Injected : [[ 5.1331348e+02  5.2428862e+05  4.0972119e+03 ... -5.1265430e+02
   1.1070762e+00  1.6384232e+04]
 [-8.3966827e+00 -3.2555103e+01  5.2724248e-01 ... -3.2226280e+01
   2.1527114e+00 -8.2282372e+00]
 [ 1.6541575e-01 -1.6691704e+01  1.6385787e+04 ... -1.1571163e+00
   4.1306686e-01 -2.9718012e-01]
 ...
 [ 3.7983361e-01 -2.5312611e-01  4.3203912e+00 ...  1.4001731e+00
  -1.0485781e+06  2.6214403e+05]
 [ 1.7173187e-01  1.1953354e+00 -1.3499488e-01 ... -6.4186958e+01
   1.2910820e+02  7.9722029e-01]
 [-2.4462833e+00  1.3107258e+05  3.2769664e+04 ... -2.8458071e-01
  -6.4299621e-02 -2.2391150e+00]]
	OpName : Ops.IDENTITY
	Original : [[ 1.3134935   0.63201904  1.2120912  ... -0.6542709   1.6070762
   0.23194368]
 [-0.39668322 -0.55510324  0.52528936 ... -0.22628191  2.4027114
  -0.22823763]
 [ 0.18104075 -0.69170445  1.7864233  ... -1.1649288   0.16306686
  -0.04718012]
 ...
 [ 0.38081017 -0.2609386   0.3203914  ...  1.3845481  -2.152508
   0.01799682]
 [ 0.23423187  1.0703354  -0.13597144 ... -0.18695757  1.1081972
   0.80112654]
 [-2.4775333   0.58382624  1.6640983  ... -0.2845807  -0.06429962
  -2.239115  ]]
	Time : 0:00:49.553057
 }
