Starting log at 2022-05-07 18:27:05.898075

{
	Count : 7
	Injected : [[ 1.0485774e+06  6.4632019e+01  1.7120912e+00 ... -8.1926543e+03
   3.3607075e+01  2.5623193e+02]
 [-1.3107239e+05 -5.5103242e-02  2.0485254e+03 ... -3.2226280e+01
   1.6386402e+04 -7.2823763e-01]
 [ 1.6181040e+01 -4.0966919e+03  1.2864233e+00 ... -3.1649289e+00
   1.3181686e-01 -8.1920469e+03]
 ...
 [ 4.1206017e-01 -1.6384262e+04  8.3203917e+00 ...  2.5738455e+02
  -4.0981523e+03  1.3107202e+05]
 [ 2.3227875e-01  1.0250703e+03 -1.6384137e+04 ... -1.7133257e-01
   1.6081972e+00  3.0112654e-01]
 [-2.4150333e+00  5.7991999e-01  1.5390983e+00 ... -2.8458071e-01
  -6.4299621e-02 -2.2391150e+00]]
	OpName : Ops.IDENTITY
	Original : [[ 1.3134935   0.63201904  1.2120912  ... -0.6542709   1.6070762
   0.23194368]
 [-0.39668322 -0.55510324  0.52528936 ... -0.22628191  2.4027114
  -0.22823763]
 [ 0.18104075 -0.69170445  1.7864233  ... -1.1649288   0.16306686
  -0.04718012]
 ...
 [ 0.38081017 -0.2609386   0.3203914  ...  1.3845481  -2.152508
   0.01799682]
 [ 0.23423187  1.0703354  -0.13597144 ... -0.18695757  1.1081972
   0.80112654]
 [-2.4775333   0.58382624  1.6640983  ... -0.2845807  -0.06429962
  -2.239115  ]]
	Time : 0:00:06.605525
 }
{
	Count : 8
	Injected : [-6.57929077e+01  9.47588146e-01 -2.62145250e+05  2.04836353e+03
  3.09204966e-01  1.00038834e-01 -8.50298882e-01 -2.17721176e+00
  6.55367266e+04  4.73491758e-01 -2.57132141e+02 -8.93942261e+00
  1.63841426e+04  5.13056946e+02 -5.24288062e+05  7.68818498e-01
 -2.62145031e+05  4.13849592e-01 -1.31072375e+05  8.03161025e-01
 -2.56824860e+02 -1.28682419e+02  8.72387886e+00  2.62145469e+05
 -1.15987003e+00  1.28934082e+02  5.12395630e+02  6.55364922e+04
 -3.88175845e+00  1.04857812e+06  5.24289000e+05  2.56839111e+02
 -6.53731613e+01 -2.04891650e+03  1.04857612e+06  1.67088108e+01
 -1.60339928e+01 -1.48823297e+00 -5.24289188e+05 -5.12016968e+02
  7.38202870e-01 -4.50947428e+00  4.09938604e-01 -2.78622150e-01
 -3.21193810e+01  1.27055478e+00  1.31072078e+05 -1.02530017e+03
  1.31072203e+05  1.04857675e+06 -4.26168966e+00 -4.09825635e+03
 -5.12451538e+02 -1.04857688e+06 -3.74541283e+00 -2.04816748e+03
  4.11889982e+00  8.37060988e-01  3.45973396e+01 -3.82273078e-01
  1.45470548e+00  6.55371719e+04  1.02445300e+03  1.39340854e+00
  3.28592262e+01 -2.02160656e-01 -9.66306448e-01 -3.31523438e+01
 -6.43132095e+01  3.29645348e+01 -2.04814746e+03 -5.24288250e+05
  2.54788041e+00  5.24288125e+05 -5.89889884e-01 -2.56540222e+02
  5.13868958e+02 -4.62431312e-01  5.27681637e+00  1.31073297e+05
 -5.31417668e-01 -1.63857832e+04  1.31073859e+05 -1.63855586e+04
  1.63846797e+04 -2.04802148e+03 -4.09603223e+03  5.24288750e+05
 -1.21787739e+00 -4.18660641e+00 -4.09607227e+03  3.22417068e+01
 -8.19453516e+03  1.70186067e+00  1.63840039e+04  5.73118067e+00
 -1.32815289e+00  1.31073391e+05 -1.02552002e+03 -2.37969112e+00
 -3.43218654e-01  1.22729957e-01  1.04857612e+06  6.95193112e-01
  7.90063262e-01 -1.33265507e+00  6.55369141e+04  4.57239002e-01
  1.25205803e+00  4.09700488e+03 -4.93445754e-01  5.09920120e+00
 -5.24290938e+05  1.99298573e+00 -1.79874539e+00  6.52828674e+01
  2.17668915e+00  1.19379306e+00  1.76192671e-02 -1.63847227e+04
 -3.68886054e-01  4.12109077e-01 -6.75043583e-01 -3.05007815e+00
 -1.04857638e+06 -1.53460217e+00 -2.75279790e-01 -2.04821191e+03
  1.72690153e-02 -2.04801489e+03 -1.25060749e+00 -2.56495087e+02
 -1.10444105e+00 -2.04849731e+03  5.12394653e+02 -1.04857650e+06
 -2.56511627e+02  1.20765436e+00 -5.00955725e+00  1.70451431e+01
 -5.24289875e+05  3.19045687e+00 -8.88449383e+00 -1.02451355e+03
  2.04890112e+03  1.20200622e+00 -5.12528198e+02 -5.13691162e+02
 -4.93571252e-01 -2.96668720e+00 -3.27648964e+01  4.09643701e+03
 -1.28810074e+02 -2.26963535e-01 -1.04704762e+00 -4.82135564e-01
 -1.63846797e+04  2.04822900e+03 -6.55375000e+04 -1.71450977e+01
  1.28923645e+02  1.60784960e+00 -5.42755699e+00 -3.50319117e-01
  2.09916997e+00 -1.74837532e+01  1.50032058e-01  1.23503399e+00
  5.44294864e-02 -1.04857650e+06  1.16845846e-01  6.55360938e+04
  6.55364062e+04 -3.28014946e+01 -2.90740681e+00  3.15144509e-02
  2.18769670e+00 -2.04877271e+03 -2.03979850e+00  1.65440452e+00
 -6.55363203e+04 -2.31408262e+00 -2.57133118e+02 -5.85642695e-01
 -1.04857612e+06  8.19240625e+03  3.21036110e+01 -2.95776516e-01
  1.34689882e-01  6.52777314e-01  1.31072875e+05 -2.04860742e+03
  1.04570043e+00 -1.03969288e+00  1.64823093e+01 -1.63848008e+04
 -6.55361484e+04 -2.04930884e+03  3.27689336e+04 -1.61656628e+01
  2.60224998e-01  7.72023261e-01 -2.62144062e+05  6.46476135e+01
 -2.56747894e+02  6.55368359e+04  3.29281807e+01 -6.43719177e+01
 -1.56497371e+00  1.78156204e+01 -1.31072547e+05  1.31072688e+05
  1.04857825e+06 -1.89731252e+00 -1.10554457e+00 -6.23995972e+00
 -6.55365312e+04  1.33383846e+00  7.03650594e-01  3.31923580e+00
 -3.41971779e+00 -5.72159481e+00  6.42763748e+01  5.60212195e-01
 -1.04857675e+06  1.31072109e+05  2.62144281e+05 -1.23634183e+00
  2.94169831e+00 -6.51975250e+01  6.55368438e+04  3.86252582e-01
  3.22598152e+01  3.07270050e+00 -8.31421912e-01 -5.24288562e+05
 -1.41255200e-01 -1.33102822e+00 -2.56213715e+02 -6.55368750e+04
 -1.29524994e+02  5.12395813e+02  1.04857788e+06  2.04833423e+03
 -1.31074281e+05  7.51465559e-03 -5.32325745e-01 -3.10302466e-01
 -5.12731262e+02 -3.27693555e+04 -8.56961060e+00  2.56137390e+02
  6.55373047e+04  2.56561371e+02 -6.40045624e+01  2.00285614e-01
  1.31072766e+05 -1.22188663e+00 -6.55386953e+04  1.02428723e+03
 -1.98896301e+00 -5.59135199e-01 -1.62773838e+01 -1.06514657e+00
  4.09682666e+03 -8.19302930e+03 -1.63842324e+04 -2.62144781e+05
 -2.57339966e+02  6.42168579e+01 -3.27688516e+04 -1.11437249e+00
  1.02517676e+03 -2.05028735e+03 -2.56051880e+02  1.16841055e-01
  1.20687246e-01  2.62144906e+05  2.57029663e+02 -1.02454236e+03
  3.27686719e+04 -5.24288125e+05 -1.02406909e+03 -3.03801000e-01
  7.41721690e-01  1.31072453e+05 -3.27695508e+04  1.63855273e+04
 -5.12059875e+02  6.41035080e+01  2.62145281e+05 -6.47516708e+01
 -4.09682764e+03  1.45683125e-01  1.02570251e+03 -1.04857662e+06
 -2.62144406e+05  5.18395364e-01  1.31072422e+05  1.19051552e+00
 -6.20394468e-01 -4.15936470e-01 -1.52492058e+00  8.26961040e-01
  6.55375391e+04 -2.62145156e+05  4.09626660e+03 -5.18327951e-01
 -3.25261497e+01  2.06160501e-01  1.14463508e+00 -3.58889818e-01
 -2.56738770e+02 -2.04813428e+03  2.74847698e+00  5.24288688e+05
  3.54425251e-01  6.55374375e+04  4.09779590e+03 -7.68028200e-01
 -1.98425829e-01  1.28707001e+02  1.02517712e+00 -1.31072844e+05
 -2.98259079e-01  1.04857650e+06  2.57217590e+02  3.03295497e-02
 -4.09625293e+03 -5.13116360e-01 -5.24288562e+05  2.21456289e-01
 -1.02534106e+03 -6.53118134e+01  6.25532269e-01 -6.48869705e+01
  3.77639920e-01  1.28000580e+02  1.63844355e+04 -3.53792238e+00
 -8.84066403e-01 -1.04756260e+00 -4.01381016e-01 -3.27701680e+04
  3.55148911e-01  1.29059677e+02 -4.05047894e+00  1.02406409e+03
 -1.29259476e+02 -1.02532947e+03  6.49171524e+01  2.62146344e+05
 -8.73830736e-01  1.29248901e+02 -1.05066729e+00  5.30620766e+00
  5.24288500e+05  1.99167728e+00 -1.28144424e+02  5.12632751e+02
 -1.00252044e+00 -1.63852461e+04  5.24288500e+05 -2.57860901e+02
  5.12302856e+02  1.26493812e+00 -3.25927086e+01 -3.27693047e+04
 -3.35432205e+01 -4.09715527e+03 -1.29587662e+02  1.35989630e+00
 -2.04816089e+03 -3.52992028e-01 -1.01650298e+00 -1.02532605e+03
  2.05720440e-02  1.10237145e+00 -1.02637291e+01  1.82308912e+00
  1.31072562e+05  1.33886564e+00 -8.19258203e+03  1.31073500e+05
 -7.47765422e-01  4.09688184e+03  8.43980372e-01 -2.85552907e+00
 -2.62144250e+05 -1.02433435e+03 -1.02554248e+03  2.62144156e+05
  2.18969870e+00  2.04864062e+03 -2.62144219e+05  2.33920336e+00
 -1.02412659e+03 -8.74125123e-01  8.19305859e+03  1.28214783e+02
  8.30140781e+00  1.31072406e+05 -4.09603516e+03  3.25124016e+01
 -5.79560697e-01 -5.24288375e+05  3.25525551e+01 -1.68574595e+00
 -5.62070966e-01 -1.02504651e+03 -1.28658188e+02 -5.48415565e+00
 -2.36589766e+00 -5.24289250e+05  1.63856191e+04  2.62144375e+05
  9.90384221e-01  6.42146988e+01  2.04859521e+03 -4.09689697e+03
  8.02499104e+00 -8.45761955e-01  1.04857638e+06  5.13255676e+02
 -1.51699281e+00 -9.98302579e-01  5.13039551e+02  1.29538605e+02
  2.62145656e+05 -5.12465820e+02  3.34955215e+00 -1.63896465e+01
  2.29398417e+00 -4.16743457e-01 -1.02541187e+03  8.85008991e-01
 -2.14546418e+00 -1.02449109e+03  1.65661545e+01 -5.24288250e+05
 -1.31072766e+05  3.23532829e+01  3.27681172e+04  1.28150189e+00
  3.39580357e-01 -6.47146378e+01 -2.62144094e+05  1.02596008e+03
 -1.02513818e+03  8.19254199e+03  2.04925269e+03 -1.31072312e+05
 -1.27314657e-01 -3.27694141e+04 -3.42897530e+01 -8.08059350e-02
 -3.27683633e+04 -2.93137002e+00  2.62144219e+05 -1.31072031e+05
  3.51114541e-01 -3.27690781e+04 -5.24288562e+05 -5.24288750e+05
 -3.26619959e+00 -2.62144625e+05  5.24288062e+05 -9.10134697e+00
  1.95536733e-01  1.31072719e+05  2.62144000e+05 -5.24289312e+05
 -4.71837968e-01 -1.19819570e+00 -4.42723322e+00 -8.61853540e-01
  2.05002637e+03  1.60540905e+01  1.63853574e+04  1.49393809e+00
  8.19246191e+03 -6.55361875e+04 -1.46059704e+00  1.02452051e+03
  5.82138121e-01  8.83498955e+00  1.63847422e+04  1.63846484e+04
  1.77562177e+00  1.26726136e-01  2.00415105e-01 -4.09610010e+03
  1.28023483e+02 -1.70125465e+01  1.02405481e+03  1.02483960e+03
 -2.17393923e+00  6.16240442e-01 -1.79595396e-01 -5.24289375e+05
  5.12134094e+02  1.63842969e+04 -3.25442810e+01  2.04806641e+03
  2.57932305e+00 -2.56951202e+02 -9.63640308e+00 -2.60318065e+00
  1.02426733e+03 -3.29971761e-01 -3.20629196e+01  3.33803624e-01
 -1.28172287e+02  5.12447144e+02  1.70537624e+01  6.54167404e+01
  5.24290625e+05 -1.45729586e-01  2.49514446e-01  9.04172659e-02
 -1.63143408e+00 -3.26344109e+01 -3.30515022e+01  2.04820605e+03
 -1.64966357e+00  4.16319752e+00 -1.63847637e+04  8.07972908e-01
  1.63845645e+04 -3.23586922e+01 -3.50631118e-01  6.72906637e-01
  2.87009418e-01  3.27680781e+04  1.51662439e-01 -1.02101946e+00
 -3.12940150e-01  2.56445709e+02 -6.55386484e+04 -8.19437207e+03
 -1.28248001e+02 -3.98123145e-01 -1.09348142e+00 -1.04857775e+06
  5.24288812e+05  9.57187653e-01  3.81310761e-01  8.01198196e+00
 -2.26367354e+00 -8.12249303e-01 -1.68691921e+01  6.55361172e+04
  5.12250960e-01 -8.19237012e+03  1.63845449e+04  1.66492710e+01
 -3.27683516e+04 -6.42368546e+01 -5.24288188e+05  3.73561531e-01
  5.12624634e+02  1.73016042e-01 -8.19244043e+03 -4.94029075e-01
 -3.10409963e-01  5.12123230e+02  6.92309380e-01 -4.09641797e+03
 -2.62144719e+05 -3.27682305e+04  2.62146281e+05  5.12367004e+02
 -1.28751770e+02 -1.63845957e+04 -4.50680780e+00  5.84937513e-01
  1.31672955e+00 -1.02459766e+03 -2.04934058e+03 -2.62145469e+05
  1.12329113e+00  2.36078930e+00  2.62144156e+05 -5.24288125e+05
  2.68426323e+00  4.41270733e+00  5.29975772e-01 -3.34660187e+01
 -2.62144781e+05 -4.78797108e-01  1.67493582e-01  2.62144438e+05
 -5.24288312e+05  7.39559174e-01  5.57134926e-01  1.61681232e+01
 -2.62144312e+05 -3.21146965e+01 -1.73843918e+01  3.22783279e+01
 -1.63845273e+04  4.09678271e+03  3.18033218e+00 -1.67106190e+01
 -2.77734011e-01 -8.19234668e+03 -2.62145188e+05 -4.09668896e+03
  6.60376053e+01 -1.66991383e-01  8.19279492e+03 -3.31398239e+01
  6.55386797e+04  5.25942922e-01  4.30240512e-01 -2.04825366e+03
  1.04857612e+06 -8.57629597e-01 -5.31629086e+00 -1.73210697e+01
  1.70366395e+00 -4.23665121e-02  2.29088426e+00  3.22995377e+01
  8.72897243e+00  1.31072094e+05 -1.04857650e+06  3.20708733e+01
  2.04818042e+03 -6.41970291e+01  2.62144312e+05 -8.19308887e+03
  3.00994158e-01 -1.18238723e+00  1.04857725e+06 -6.40443623e-01
 -1.31072125e+05  1.77976084e+00  3.27689375e+04 -1.04857600e+06
  4.09746533e+03 -6.41938934e+01 -3.65531683e-01  1.04857650e+06
 -1.26812899e+00 -4.35751152e+00 -2.25562096e+00  6.55366016e+04
  2.62144688e+05 -1.04857712e+06  2.62145438e+05  1.31072469e+05
  1.30600769e+02 -2.76053399e-01 -2.51313061e-01 -6.62085950e-01
 -2.04887158e+03  2.08742023e+00 -3.22552180e+00 -2.62144281e+05
 -1.75215054e+01  8.19189250e-01 -3.24354858e+01 -1.31072297e+05
 -1.78655460e-01  1.54922605e+00  1.02486938e+03 -2.57795990e+02
  8.77399325e-01  1.46982878e-01 -1.31074266e+05 -1.30621384e+02
  2.56321350e+02 -4.85765666e-01  4.90387297e+00 -1.28087784e+02
 -4.30326670e-01 -2.62144219e+05 -2.04869141e+03 -2.67824936e+00
 -5.24288188e+05  2.56561462e+02  1.63845664e+04  2.62144188e+05
  3.27681328e+04  1.29263794e+00  2.20622197e-01  3.24522400e+01
 -1.28956192e+02 -4.02743220e-01  1.29774384e+02  8.19305078e+03
 -1.18610799e+00 -1.31072875e+05  3.18320632e-01 -6.43038254e+01
 -1.31072266e+05 -2.04941650e+03 -1.28348022e+02  2.16536969e-02
 -2.56504547e+02 -4.09677734e+03 -8.19324023e+03 -1.02550952e+03
  1.63855781e+04 -2.63001919e-01 -4.35876012e-01 -1.37763202e+00
  1.39665887e-01  1.31072094e+05  7.57749438e-01 -5.19924498e+00
 -6.25552177e-01  2.60093880e+00 -3.37024727e+01 -5.24288938e+05
  1.63849668e+04 -6.55366016e+04  6.60223126e-01  6.55374297e+04
  6.22616589e-01 -2.56922394e+02  5.24289125e+05 -1.28321640e+02
  9.77960944e-01  5.15056458e+02 -3.20562973e+01  1.02412939e+03
  8.46255779e-01 -4.97673094e-01  1.40632808e+00  3.21851760e-01
  7.53192604e-01  3.24284286e+01 -3.23029480e+01  5.24288688e+05
 -5.54376423e-01 -2.56196136e+02  2.14557672e+00  2.03306103e+00
  3.24216545e-01  1.42295241e-01 -8.19226172e+03  1.04857650e+06
  6.88700676e-01 -1.35715818e+00  7.67361999e-01  1.63852305e+04
 -1.03888166e+00 -2.56557526e+02  2.04912695e+03 -1.64577560e+01
  4.09629004e+03  1.23059952e+00 -6.42790258e-01 -5.14037476e+02
 -3.30533104e+01  2.62145094e+05 -1.93795884e+00 -3.14768851e-01
 -1.00696230e+00  3.38789150e-02 -1.31072375e+05 -1.72839272e+00
 -3.21712723e+01 -1.32905912e+00 -1.82213867e+00  6.55360703e+04
  7.50117660e-01  3.11712623e-02  4.87155020e-02 -2.04802246e+03
  8.49232972e-01  6.52745895e+01  1.34767902e+00  1.45247567e+00
 -1.22628307e+00  8.37643892e-02 -2.92483389e-01  8.85197222e-01
  1.82930633e-01 -3.77745569e-01  7.41087735e-01  3.91953029e-02]
	OpName : Ops.IDENTITY
	Original : [-1.79290998e+00  9.48564708e-01 -1.26432085e+00  3.63514513e-01
  3.05298716e-01  6.87888339e-02 -8.19048882e-01 -2.05221176e+00
  7.23566175e-01  4.10991758e-01 -1.13213384e+00 -9.39422309e-01
  1.42804548e-01  1.05695355e+00 -8.18250924e-02  7.72724748e-01
 -1.04308569e+00  1.63849577e-01 -3.68919164e-01  8.65661025e-01
 -8.24873328e-01 -6.82413518e-01  7.23878443e-01  1.48234022e+00
 -1.59870014e-01  9.34083760e-01  3.95620793e-01  4.89961565e-01
 -2.88175845e+00  2.16531587e+00  1.01377392e+00  8.39103281e-01
 -1.37315905e+00 -9.16622877e-01  1.53526500e-01  7.08810210e-01
 -3.39925922e-02 -1.42573297e+00 -1.21117437e+00 -1.69495344e-02
  7.46015370e-01 -5.09474218e-01  4.07985479e-01 -2.86221579e-02
 -1.19380891e-01  1.25492978e+00  8.05124193e-02 -1.30012059e+00
  2.10096449e-01  8.04990828e-01 -2.61689723e-01 -2.25641012e+00
 -4.51521277e-01 -8.25606346e-01 -1.74541271e+00 -1.67400405e-01
  1.18899681e-01  3.37060988e-01  2.59733963e+00 -3.97898078e-01
  1.20470548e+00  1.16917336e+00  4.52958107e-01  1.39731479e+00
  8.59225452e-01 -4.52160656e-01 -9.62400198e-01 -1.15234375e+00
 -3.13212931e-01  9.64535415e-01 -1.47492155e-01 -2.33092546e-01
  5.47880352e-01  1.18766382e-01 -5.85983634e-01 -5.40231466e-01
  1.86896145e+00 -3.99931312e-01  1.27681625e+00  1.29821754e+00
 -5.00167668e-01 -1.78314078e+00  1.85411835e+00 -1.55956185e+00
  6.79960310e-01 -2.14186367e-02 -3.19989659e-02  7.70917833e-01
 -1.21397114e+00 -1.86606467e-01 -7.21270740e-02  2.41708532e-01
 -2.53507257e+00  7.01860726e-01  3.31083313e-03  1.73118067e+00
 -3.28152955e-01  1.39396882e+00 -1.52003074e+00 -3.79691213e-01
 -3.74468654e-01  1.07104957e-01  1.76856458e-01  9.45193112e-01
  7.93969512e-01 -3.32655072e-01  9.13283944e-01  3.94739002e-01
  1.00205803e+00  1.00477362e+00 -4.85633254e-01  1.09920132e+00
 -2.93710446e+00  9.92985785e-01 -7.98745334e-01  1.28287125e+00
  1.76689073e-01  1.06879306e+00  8.01192671e-02 -7.23143101e-01
 -3.37636054e-01  9.12109077e-01 -6.73090458e-01 -3.04812503e+00
 -3.24895948e-01 -5.34602165e-01 -3.37779790e-01 -2.11981744e-01
  7.97690153e-02 -1.49849802e-02 -1.31310749e+00 -4.95089501e-01
 -1.10541761e+00 -4.97208953e-01  3.94624025e-01 -4.67285514e-01
 -5.11622608e-01  1.20863092e+00 -1.00955737e+00  1.04514384e+00
 -1.86608696e+00  1.19045687e+00 -8.84493709e-01 -5.13602376e-01
  9.01151955e-01  1.20298278e+00 -5.28201997e-01 -1.69114399e+00
 -3.68571252e-01 -2.95887470e+00 -7.64895022e-01  4.37182635e-01
 -8.10070634e-01 -2.28916660e-01 -1.04802418e+00 -3.57135564e-01
 -6.79021835e-01  2.29121685e-01 -1.49849617e+00 -1.14509749e+00
  9.23646688e-01  1.10784960e+00 -1.42755711e+00 -3.48365992e-01
  9.91699025e-02 -1.48375320e+00  2.50320639e-02  1.23601055e+00
  6.22419864e-02 -5.25503337e-01  3.66845846e-01  9.70210284e-02
  4.05832738e-01 -8.01495552e-01 -9.07406747e-01  4.71394509e-02
  1.87696800e-01 -7.72583544e-01 -3.97984795e-02  1.64659202e+00
 -3.22917312e-01 -3.14082652e-01 -1.13310754e+00 -8.56426731e-02
 -8.04082602e-02  4.06382352e-01  1.03610747e-01 -2.64526516e-01
  1.50314882e-01  6.48871064e-01  8.68284941e-01 -6.07542396e-01
  1.03788793e+00 -1.16469288e+00  4.82309580e-01 -8.01549911e-01
 -1.46967292e-01 -1.30877852e+00  9.32268560e-01 -1.65662035e-01
  2.58271873e-01  7.68117011e-01 -4.79129963e-02  6.47612333e-01
 -7.47903287e-01  8.37867022e-01  9.28181231e-01 -3.71919274e-01
 -1.58059871e+00  1.81562126e+00 -5.43474674e-01  6.84223711e-01
  2.27157736e+00 -1.89828908e+00 -1.23054457e+00 -2.23995996e+00
 -5.35119355e-01  3.33838433e-01  7.07556844e-01  1.31923592e+00
 -1.41971779e+00 -1.72159505e+00  2.76377976e-01  5.44587195e-01
 -6.92064583e-01  1.16112918e-01  2.87754774e-01 -1.23731840e+00
  2.94267488e+00 -1.19752610e+00  8.43485057e-01  8.86252582e-01
  2.59814292e-01  1.07270038e+00 -3.31421912e-01 -5.71157277e-01
 -1.25630200e-01 -1.33884072e+00 -2.13729724e-01 -8.74164581e-01
 -1.52499461e+00  3.95843208e-01  1.92688990e+00  3.34178269e-01
 -2.28866172e+00  5.07514656e-01 -5.47950745e-01 -4.35302466e-01
 -7.31270730e-01 -1.35561037e+00 -5.69611013e-01  1.37382805e-01
  1.30150926e+00  5.61360002e-01 -4.56400495e-03  2.02238739e-01
  7.59360969e-01 -1.15938663e+00 -2.69217372e+00  2.87276477e-01
 -1.99091613e+00 -5.60111761e-01 -2.77383745e-01 -1.08077157e+00
  8.26587796e-01 -1.02971816e+00 -2.33267099e-01 -7.74777710e-01
 -1.33997130e+00  2.16855168e-01 -8.53504837e-01 -1.14372514e-01
  1.17675018e+00 -2.28745389e+00 -5.18699326e-02  1.15864493e-01
  1.19710684e-01  9.12668169e-01  1.02967608e+00 -5.42344749e-01
  6.72358096e-01 -1.03344567e-01 -6.91500753e-02 -4.28801000e-01
  9.91721690e-01  4.46753561e-01 -1.55219209e+00  1.52752817e+00
 -5.98895401e-02  1.03506021e-01  1.27822697e+00 -7.51671910e-01
 -8.27617645e-01  1.30058125e-01  1.70252311e+00 -5.87414742e-01
 -4.16978270e-01  5.80895364e-01  4.17475432e-01  1.22176552e+00
 -7.45394468e-01 -9.15936470e-01 -1.77492058e+00  9.51961040e-01
  1.53917909e+00 -1.15407515e+00  2.66551733e-01 -5.26140451e-01
 -5.26147902e-01  2.05183938e-01  1.64463508e+00 -3.56936693e-01
 -7.38766134e-01 -1.34320632e-01  7.48476863e-01  6.56286776e-01
  8.54425251e-01  1.43389237e+00  1.79604995e+00 -7.52403200e-01
 -6.98425829e-01  7.07000136e-01  1.05642712e+00 -8.40996504e-01
 -3.02165329e-01  5.53252041e-01  1.21758211e+00  2.83764247e-02
 -2.52742529e-01 -5.15069485e-01 -5.63341916e-01  2.25362539e-01
 -1.34103811e+00 -1.31181681e+00  1.62553227e+00 -8.86966765e-01
  3.78616482e-01  5.75376616e-04  4.35671866e-01 -1.53792250e+00
 -8.99691403e-01 -1.04951572e+00 -4.05287266e-01 -2.16967773e+00
  8.55148911e-01  1.05968285e+00 -5.04789799e-02  6.40436634e-02
 -1.25946820e+00 -1.32949448e+00  9.17155504e-01  2.33741736e+00
 -3.73830736e-01  1.24890029e+00 -1.05847979e+00  1.30620766e+00
  5.15280366e-01  1.49167728e+00 -1.44421220e-01  6.32724345e-01
 -1.00642669e+00 -1.24662817e+00  5.00167489e-01 -1.86090016e+00
  3.02835792e-01  1.26298499e+00 -5.92710197e-01 -1.30550301e+00
 -1.54322159e+00 -1.15542150e+00 -1.58766055e+00  1.36380255e+00
 -1.60820052e-01 -3.52015465e-01 -1.07900298e+00 -1.32601452e+00
  5.18220440e-02  1.09455895e+00 -2.26372910e+00  1.32308912e+00
  5.68311989e-01  1.37011564e+00 -5.82222402e-01  1.50678635e+00
 -6.85265422e-01  8.81991625e-01  9.68980372e-01 -2.85162282e+00
 -2.54151195e-01 -3.34392726e-01 -1.54252017e+00  1.52222052e-01
  2.20532370e+00  6.40690029e-01 -2.19923675e-01  3.39203268e-01
 -1.26616687e-01 -8.66312623e-01  1.05852282e+00  2.14788258e-01
  3.01408023e-01  4.05237943e-01 -3.49522159e-02  5.12400806e-01
 -5.17060697e-01 -4.04315174e-01  5.52556217e-01 -1.68379283e+00
 -5.61094403e-01 -1.04651904e+00 -6.58187509e-01 -1.48415554e+00
 -3.65897626e-01 -1.27331698e+00  1.61845112e+00  3.79105508e-01
  9.88431096e-01  2.14702055e-01  5.95135987e-01 -8.97100806e-01
  2.49905828e-02 -9.70761955e-01  3.38517219e-01  1.25565755e+00
 -1.64199281e+00 -9.67052579e-01  1.03957736e+00  1.53860676e+00
  1.66776621e+00 -4.65826064e-01  1.34955204e+00 -3.89646411e-01
  2.28617167e+00 -3.85493457e-01 -1.41186917e+00  8.88915241e-01
 -2.15327668e+00 -4.91035759e-01  5.66154718e-01 -2.59990871e-01
 -7.60975718e-01  3.53284210e-01  1.16080210e-01  1.28931439e+00
  3.23955357e-01 -7.14639366e-01 -8.75120163e-02  1.96007836e+00
 -1.13814771e+00  5.42071342e-01  1.25264931e+00 -3.10588121e-01
 -2.31465953e-03 -1.41226244e+00 -2.28975344e+00 -8.86184350e-02
 -3.63027245e-01 -9.31369960e-01  2.26349279e-01 -3.06340307e-02
  1.01114534e-01 -1.07736921e+00 -5.59275985e-01 -7.66449094e-01
 -1.26619971e+00 -6.13222361e-01  4.12894972e-02 -1.10134685e+00
  4.45536733e-01  7.16291368e-01  5.55958506e-03 -1.30352116e+00
 -4.09337968e-01 -1.21382070e+00 -4.27233011e-01 -7.99353540e-01
  2.02631545e+00  5.40912971e-02  1.35688269e+00  1.49589121e+00
  4.61557716e-01 -1.88399523e-01 -1.45962048e+00  5.20472288e-01
  5.89950621e-01  8.34989250e-01  7.41525352e-01  6.48623943e-01
  7.75621772e-01  1.28679261e-01  7.54151121e-02 -9.98992622e-02
  2.34878361e-02 -1.01254559e+00  5.47698885e-02  8.39556813e-01
 -1.73939183e-01  6.24052942e-01 -2.42095396e-01 -1.39842832e+00
  1.34067804e-01  2.96358258e-01 -5.44279397e-01  6.64348453e-02
  2.51682305e+00 -9.51206982e-01 -1.63640296e+00 -2.57193065e+00
  2.67347425e-01 -3.61221761e-01 -6.29211217e-02  3.65053624e-01
 -1.72284320e-01  4.47157443e-01  1.05376220e+00  1.41674042e+00
  2.60157251e+00 -1.53542086e-01  2.47561321e-01  1.09041727e+00
 -1.69393408e+00 -6.34409726e-01 -1.05150127e+00  2.06168845e-01
 -1.52466357e+00  1.63197726e-01 -7.63513327e-01  5.57972908e-01
  5.64324439e-01 -3.58692884e-01 -3.48677993e-01  6.71930075e-01
  4.12009418e-01  7.73326829e-02  2.66624447e-02 -1.02004290e+00
 -3.20752650e-01  4.45710123e-01 -2.65096712e+00 -2.37223411e+00
 -2.48004466e-01 -2.73123145e-01 -1.03098142e+00 -1.72549713e+00
  7.95832753e-01  7.07187653e-01  3.96935761e-01  1.19823385e-02
 -2.25976729e+00 -7.80999303e-01 -8.69191289e-01  1.14213198e-01
  5.27875960e-01 -3.70292753e-01  5.45182884e-01  6.49271488e-01
 -3.50381851e-01 -2.36852273e-01 -1.69177830e-01  1.23561524e-01
  6.24624193e-01  1.74969167e-01 -4.40037519e-01 -4.31529075e-01
 -3.06503713e-01  1.23216115e-01  6.94262505e-01 -4.17935550e-01
 -7.20293343e-01 -2.32025400e-01  2.29092550e+00  3.67005140e-01
 -7.51763344e-01 -5.95123947e-01 -5.06807864e-01  6.16187513e-01
  3.16729546e-01 -5.97608805e-01 -1.34052205e+00 -1.46374536e+00
  1.11938488e+00  3.60789359e-01  1.47335678e-01 -1.37974635e-01
  6.84263349e-01  4.12707150e-01  5.26069522e-01 -1.46602058e+00
 -7.80203044e-01 -4.82703358e-01  1.66517019e-01  4.45498705e-01
 -3.08404654e-01  9.89559174e-01  5.55181801e-01  1.68122545e-01
 -3.16159338e-01 -1.14694916e-01 -1.38439274e+00  2.78329372e-01
 -5.28138399e-01  7.82603621e-01  1.18033206e+00 -7.10619867e-01
 -2.78710574e-01 -3.47089410e-01 -1.19492114e+00 -6.89084291e-01
  2.03760314e+00 -4.16991383e-01  7.94547677e-01 -1.13982439e+00
  2.67839026e+00  5.18130422e-01  4.22428012e-01 -2.53558576e-01
  1.41226053e-01 -8.55676472e-01 -1.31629097e+00 -1.32107043e+00
  1.57866395e+00 -4.62727621e-02  2.90884197e-01  2.99538136e-01
  7.28972197e-01  9.69064459e-02 -5.62418401e-01  7.08722994e-02
  1.80452809e-01 -1.97032735e-01  3.26906353e-01 -1.08880603e+00
  2.97087908e-01 -1.05738723e+00  1.20400953e+00 -6.36537373e-01
 -1.20219730e-01  1.27976084e+00  9.38695133e-01 -3.96482162e-02
  1.46520746e+00 -1.93890616e-01 -3.34281683e-01  4.71243143e-01
 -1.26910555e+00 -3.57511610e-01 -2.55620927e-01  6.04433715e-01
  6.84864819e-01 -1.18270969e+00  1.43353581e+00  4.69259828e-01
  2.60076857e+00 -2.74100274e-01 -3.76313061e-01 -6.30835950e-01
 -8.71501386e-01  8.74201432e-02 -1.22552180e+00 -2.92321593e-01
 -1.52150536e+00  8.50439250e-01 -4.35485125e-01 -3.00634205e-01
 -1.74749210e-01  1.53360105e+00  8.69366229e-01 -1.79597914e+00
  8.75446200e-01  3.96982878e-01 -2.26614261e+00 -2.62138510e+00
  3.21351200e-01 -3.60765666e-01  9.03872848e-01 -8.77818018e-02
 -4.92826670e-01 -2.18525901e-01 -6.91469908e-01 -6.78249419e-01
 -1.71499804e-01  5.61474323e-01  5.66669703e-01  1.75916329e-01
  1.34442627e-01  1.29166138e+00  9.56221968e-02  4.52241153e-01
 -9.56197679e-01 -1.40274322e+00  1.77438903e+00  1.05043125e+00
 -1.86108023e-01 -8.77076864e-01  3.14414382e-01 -3.03824216e-01
 -2.60414958e-01 -1.41646731e+00 -3.48021150e-01  5.29036969e-02
 -5.04539847e-01 -7.77225673e-01 -1.24032879e+00 -1.50956011e+00
  1.57882023e+00 -7.63001919e-01 -4.28063512e-01 -1.40888202e+00
  1.35759637e-01  9.32795107e-02  7.56772876e-01 -1.19924486e+00
 -6.41177177e-01  6.00938857e-01 -1.70247185e+00 -9.18094277e-01
  9.66481626e-01 -6.02224886e-01  1.60223126e-01  1.42904484e+00
  6.14804089e-01 -9.22386289e-01  1.14485836e+00 -3.21640015e-01
  9.93585944e-01  3.05643129e+00 -5.62959015e-02  1.29338250e-01
  8.54068279e-01 -4.99626219e-01  1.41414058e+00  3.37476760e-01
  7.61005104e-01  4.28430170e-01 -3.02947015e-01  6.69610560e-01
 -5.62188923e-01 -1.96137756e-01  1.45576656e-01  2.03501415e+00
  3.16404045e-01  1.41318679e-01 -2.62029648e-01  4.89468217e-01
  6.26200676e-01 -1.85715818e+00  7.75174499e-01  1.22949767e+00
 -1.04669416e+00 -5.57533920e-01  1.12695634e+00 -4.57756221e-01
  2.89916784e-01  1.22669327e+00 -6.27165258e-01 -2.03746438e+00
 -1.05331063e+00  1.09487677e+00 -9.37958837e-01 -3.30393851e-01
 -6.96229795e-03  4.95039150e-02 -3.81367624e-01 -1.74401772e+00
 -1.71270981e-01 -3.29059154e-01 -1.32213867e+00  6.69383183e-02
  7.81367660e-01  5.31171262e-01  2.98715502e-01 -2.23707166e-02
  3.49232972e-01  1.27459276e+00  1.34767902e+00  1.45247567e+00
 -1.22628307e+00  8.37643892e-02 -2.92483389e-01  8.85197222e-01
  1.82930633e-01 -3.77745569e-01  7.41087735e-01  3.91953029e-02]
	Time : 0:00:21.481760
 }
