Starting log at 2022-05-07 18:27:05.895104

{
	Count : 4
	Injected : [[ 5.1224176e+02  7.4756306e-01  2.0235119e+00 ... -3.2691109e+01
   4.7226677e+00  2.8458825e-01]
 [ 1.0247395e+03 -5.2428931e+05  4.4987878e-01 ...  1.3841579e+00
  -2.5850638e+02  1.6477530e+00]
 [-8.1925146e+03 -5.2428931e+05 -1.7353786e+00 ...  1.6384988e+04
  -4.3224365e-01  8.4901303e-01]
 ...
 [-8.1934365e+03  1.0249899e+03 -2.4783731e+00 ...  1.2345846e-01
  -3.2059963e+01  4.0967031e+03]
 [-5.1473274e+00  5.1239539e+02 -5.9459286e+00 ... -5.5691069e-01
  -1.3107288e+05 -1.3102205e+00]
 [ 1.0244929e+03  5.1254492e+02  2.6214441e+05 ... -6.7889333e-01
   4.5153087e-01  1.1080121e+00]]
	OpName : Ops.IDENTITY
	Original : [[ 0.24175833  0.62256306  0.02351193 ... -0.69110906  0.72266775
   0.25333825]
 [ 0.7394412  -1.3427453   0.38737878 ...  1.386111   -2.5063696
   1.897753  ]
 [-0.5148909  -1.2979467  -1.9853786  ...  0.98813766 -0.30724365
   0.84803647]
 ...
 [-1.4366666   0.9898795  -0.47837293 ...  0.11564596 -0.05996413
   0.7030681 ]
 [-1.1473277   0.3954006  -1.9459286  ... -0.5490982  -0.8726454
  -1.3121736 ]
 [ 0.49295434  0.5449434   0.41327542 ... -0.6788933   0.45153087
   1.1080121 ]]
	Time : 0:00:06.613026
 }
{
	Count : 5
	Injected : [[ 3.3087238e+01  1.2872429e+02 -1.0661156e+00 ...  5.2429006e+05
   3.3517643e+01  1.0485760e+06]
 [-7.9452640e-01 -3.8714008e+00  1.0968691e+00 ...  5.2428888e+05
   3.2872814e+01  5.2429050e+05]
 [-1.6961430e+01 -1.4820675e+00  2.1040866e-01 ... -4.9789224e+00
   5.2428981e+05  1.0469660e+00]
 ...
 [-1.6385432e+04  8.8624353e+00  1.5950844e+00 ...  1.2909775e+02
   3.2618813e+01  1.5765409e-01]
 [-1.0242379e+03 -1.3107236e+05  9.0877533e-01 ... -8.1940869e+03
  -1.3065091e-01  1.0485766e+06]
 [-4.6566534e-01 -1.4656899e+00  3.2777384e-01 ... -8.1020892e-01
   1.9677091e-02 -9.4692945e-01]]
	OpName : Ops.IDENTITY
	Original : [[ 1.0872388   0.724282   -1.1911156  ...  2.0876057   1.5176417
   0.02958506]
 [-0.79062015 -1.8714008   1.1007754  ...  0.8819791   0.87281394
   2.5242305 ]
 [-0.96142894 -1.3570675   0.20845553 ... -0.97892237  1.7937216
   1.0479425 ]
 ...
 [-1.4315783   0.8624351   1.5989907  ...  1.0977416   0.61881304
   0.16546659]
 [-0.23787168 -0.35410276  0.8775253  ... -2.0871987  -0.12967435
   0.5778773 ]
 [-0.45785284 -0.46568984  0.07777385 ... -0.8102089   0.01967709
  -0.94692945]]
	Time : 0:00:42.310281
 }
{
	Count : 9
	Injected : [[-2123278.8   -910300.6   3178543.5  ...  1624721.2  -1753252.2
  -1891191.8 ]
 [ 2414591.    1326251.8   4146379.   ...  2316567.5  -2398732.
  -2252935.5 ]
 [ -447374.5  -2615660.8    -36219.75 ...   670693.6  -1122442.9
  -1968665.5 ]
 [-1661867.2    230631.62   -95329.88 ...  -853088.25    34511.03
  -1434010.  ]]
	OpName : Ops.MATMUL
	Original : [[-2123342.8    -910236.6    3178543.5   ...  1624721.2   -1753252.2
  -2022263.8  ]
 [ 2152447.     1850539.8    4148427.    ...  2316567.2   -2398764.
  -2252935.5  ]
 [ -447118.5   -2615660.8     -52603.75  ...   670565.6   -1122442.4
  -1706521.5  ]
 [-1661865.2     230631.62    -95329.875 ...  -853088.25     34511.03
  -1434010.   ]]
	Time : 0:00:42.339243
 }
{
	Count : 10
	Injected : [[-2123022.     -914397.7    3180079.8   ...  1632914.1   -1753250.4
  -2022265.6  ]
 [ 2545919.5    1326314.6    3098827.2   ...  2316696.2   -2398219.2
  -2252937.5  ]
 [-1495694.    -2615661.8     -43387.53  ...   932838.44  -1056906.
  -1968659.4  ]
 [-1661610.8     230630.56    -77921.664 ...  -853087.44     34511.895
  -1434011.9  ]]
	OpName : Ops.ADD
	Original : [[-2123022.2    -910301.7    3179567.8   ...  1624722.1   -1753251.4
  -1891193.6  ]
 [ 2414847.5    1326250.6    4147403.2   ...  2316568.2   -2398731.2
  -2252937.5  ]
 [ -447118.06  -2615661.8     -35195.53  ...   670694.44  -1122442.
  -1968667.4  ]
 [-1661610.8     230630.55    -94305.664 ...  -853087.44     34511.895
  -1434011.9  ]]
	Time : 0:00:42.369003
 }
{
	Count : 11
	Injected : [[1.000000e+00 1.048576e+06 1.290000e+02 ... 1.048577e+06 6.553600e+04
  1.000000e+00]
 [1.290000e+02 4.097000e+03 1.048577e+06 ... 1.638500e+04 5.120000e+02
  6.553600e+04]
 [3.276800e+04 4.096000e+03 1.280000e+02 ... 1.310730e+05 2.560000e+02
  6.553600e+04]
 [1.600000e+01 1.310730e+05 2.621440e+05 ... 0.000000e+00 1.000000e+00
  0.000000e+00]]
	OpName : Ops.SIGMOID
	Original : [[0. 0. 1. ... 1. 0. 0.]
 [1. 1. 1. ... 1. 0. 0.]
 [0. 0. 0. ... 1. 0. 0.]
 [0. 1. 0. ... 0. 1. 0.]]
	Time : 0:00:42.380693
 }
{
	Count : 12
	Injected : [[ 8.76612157e+11  2.83869394e+12  2.32943075e+11 -8.60802515e+11
  -1.26264869e+12 -5.08248687e+11  1.57454054e+12  3.28004833e+10
  -3.95523981e+11  2.15906894e+11  5.64051182e+11 -1.66560530e+12
  -1.65768462e+12 -5.69547948e+11 -7.33426483e+11  8.72870248e+11
   5.63417317e+11 -1.23798290e+12 -2.03785424e+12  3.71364561e+11
  -6.53743620e+11  5.50286066e+11 -2.17561350e+11 -9.25410984e+11
   5.56459753e+11 -6.76386243e+10 -1.82037171e+12  3.50445994e+11
   8.80019702e+11  8.58509148e+11 -2.59752277e+12 -2.46776447e+11
   1.46496435e+12 -1.56141355e+12  7.54398921e+11 -6.37437870e+11
   2.47143219e+11  2.24949453e+10  4.82799387e+11 -2.45981069e+11
  -3.66224736e+11  7.55261243e+11  5.53157734e+09  6.99956855e+11
  -2.62447366e+11  2.87260475e+11 -2.76173554e+11  2.05170377e+11
  -5.24428050e+11 -1.64704977e+11  1.54671956e+11 -9.60415498e+10
   2.86520508e+12  1.86837919e+12 -6.99317551e+11 -3.63900895e+11
  -5.41836476e+11 -1.38817700e+11 -3.69196990e+11  3.65920322e+11
   6.21061276e+11  4.45168124e+11  1.00190303e+12 -1.09811224e+12
   7.72264428e+11 -3.63609784e+11  1.06126252e+12  1.64316997e+12
   1.51085764e+12  2.72709583e+11 -4.48458555e+11  1.12842664e+12
  -1.08625081e+12  6.52245524e+10 -1.00330281e+12  5.38212336e+11
   1.42539253e+12 -3.19711740e+11  4.83789734e+11  2.39033336e+11
  -7.01692183e+11 -5.24020122e+11  2.49346765e+10  1.17704255e+12
   1.31791349e+12  4.43325612e+11 -7.58493151e+11  1.43440111e+12
  -6.52032803e+11 -2.21687185e+11  3.65702513e+11 -5.03073210e+11
  -1.54950160e+12  3.45905168e+11  9.51006396e+11 -9.67880737e+11
  -6.98128925e+11 -4.34979226e+10  4.41810125e+11 -3.35044182e+11
   7.10803587e+11 -1.19236657e+12  4.27843912e+11 -3.60822211e+10
  -2.12376551e+12  9.21262948e+11  9.36602305e+11  3.48690416e+11
  -1.39995185e+12  6.29023965e+11 -4.52468982e+10  6.81608151e+10
  -3.30490085e+11  1.11726730e+12  1.71061320e+12 -1.21962848e+11
   1.95714970e+10  1.36460855e+12 -6.84648432e+11 -9.85707250e+11
   1.43282641e+12  6.03880751e+11  1.07078366e+12  8.20147651e+11
  -1.98113034e+10 -1.24569531e+12 -1.21956454e+12 -6.98753614e+11]
 [ 1.02228058e+11  1.24063515e+12  9.05068413e+11  6.45780079e+11
   1.52635297e+12 -6.46887768e+11 -1.74216413e+11 -1.95841137e+12
  -4.92395790e+11  2.80064557e+11  6.40575013e+11 -1.62822803e+12
  -1.20082915e+11 -2.28705370e+11  1.11641087e+12 -7.22049696e+11
   1.91144657e+12  6.60504166e+10 -8.00114475e+11  3.36077750e+11
  -5.51025770e+11 -1.85564529e+11 -1.96337677e+12  1.19181656e+11
   8.31272223e+10 -1.87158692e+12 -6.90548376e+11  5.64800324e+11
   9.83424205e+10  4.16186761e+11  2.28347314e+11 -5.34318481e+11
  -6.57039098e+11 -6.65241649e+11  6.03100873e+11 -3.02780580e+11
   1.42923268e+12  1.36711758e+11  3.31532534e+10 -5.48021567e+11
  -1.02721860e+12 -8.37160731e+11 -8.28735422e+11 -7.65159408e+11
  -7.87672728e+11 -1.92170243e+12 -1.04261268e+12  3.58915015e+11
  -1.79886932e+11  1.47245842e+11  1.49872443e+11  1.99015190e+12
   1.82923061e+12  3.36207446e+11  4.34106597e+11  8.20686356e+11
  -6.21167903e+11  1.37988276e+11  1.81032072e+12 -6.50862985e+11
   1.66385707e+12  2.00956166e+11 -3.50297752e+11  7.69922499e+11
  -5.89886194e+11 -2.75265913e+11 -4.76936241e+11 -2.23090364e+12
  -4.05763260e+11 -1.25894813e+12  1.68737597e+12  1.48672496e+11
  -1.07102478e+11  2.51496817e+10  1.23410293e+11  6.87437971e+11
   2.10643681e+11 -1.03255022e+12  1.29505788e+11 -5.69628688e+11
  -3.24822991e+11 -1.12844787e+12  6.98791297e+11  8.56487952e+11
  -2.18267861e+11 -1.02580873e+12  9.02222184e+11 -3.04408474e+10
   2.96439644e+11  3.69366794e+11  9.65894537e+11 -2.87354487e+11
  -1.67105987e+11  3.96094996e+11 -1.55792284e+12 -6.13749490e+11
  -5.91580627e+11  3.35584035e+11 -1.01700521e+12 -5.42824776e+10
  -1.21937029e+12 -1.51417979e+11  4.65624662e+11  6.53086360e+11
  -7.66462657e+11  2.00721187e+11  1.26290218e+12  2.69420803e+12
   5.29546772e+11  1.08360329e+12 -4.58923737e+11 -5.79677454e+11
   4.49283686e+11  1.41253896e+12  7.68576127e+11 -1.01480022e+11
   9.13806066e+11  3.16818227e+11 -1.59955209e+12 -2.80866128e+11
   1.45423781e+12  1.66949683e+12  6.68948931e+10 -1.20984882e+12
  -6.89650991e+11 -6.18732913e+11 -8.16706355e+11 -1.40355974e+12]
 [ 2.28353491e+11 -2.59975004e+11  2.21151887e+12  9.50500917e+11
   7.83082537e+10 -2.61319066e+11 -5.96284080e+11  1.58196957e+12
  -8.88194007e+10  1.38683351e+12  2.22459409e+12  1.98715458e+11
   4.48276857e+11 -2.21035217e+11 -1.83361759e+12  4.02330649e+11
   7.82056030e+11  7.15455267e+11 -1.16707937e+12  1.14155035e+12
  -7.16604441e+11  1.01383791e+11 -1.25143593e+10  1.81696686e+12
   2.35102093e+11  2.74228494e+11 -1.76147857e+12 -4.13598122e+11
   6.88348594e+11  5.32650394e+11  2.81363848e+12 -4.15959056e+11
  -6.25583391e+11  1.28602489e+11  6.82932371e+11 -2.81737272e+12
   7.22842026e+11 -2.40387342e+11 -1.34995129e+12 -1.20365030e+12
   1.09047185e+12  3.13551651e+11 -1.62395246e+12 -9.99253475e+11
   4.91164729e+11  2.05279953e+11 -1.90439670e+11  1.94214003e+11
   6.91928105e+11 -1.44783285e+12 -5.52692220e+11  2.04568317e+12
  -1.65761804e+12  8.43327078e+10  9.23175158e+11 -1.12421359e+12
  -4.09890365e+10  9.90340973e+11 -1.43124939e+11  6.65891570e+11
  -2.55607931e+11  5.39897922e+11  1.91789761e+11 -1.49905054e+12
  -8.39671284e+11 -8.19813548e+11  1.13432199e+12 -9.42863974e+10
  -4.29866254e+11  8.02299576e+11  1.69708192e+11  8.00835109e+11
  -1.76213705e+11 -4.00674292e+11  9.72057084e+11  1.34028683e+12
  -2.91595158e+11 -9.94196439e+10 -4.87156490e+10  4.10919207e+11
  -5.01632795e+11 -1.19319552e+11  1.96086252e+11  7.17475873e+11
  -8.42376970e+10 -2.35844141e+11 -1.04824513e+11 -5.37311871e+11
  -1.47792740e+11 -1.20889436e+12 -6.51783045e+11  1.36575923e+12
  -6.53170573e+11  1.19771300e+10 -2.65690179e+12 -1.21933713e+12
   6.90956534e+11 -3.88688380e+11  1.51481205e+11 -8.57977258e+11
   9.22689929e+11  3.67184904e+11 -2.29331934e+12  9.81892792e+10
  -5.01488189e+11  5.82268289e+11  4.77835100e+11 -5.25206585e+11
  -1.08529172e+11  1.71343659e+11 -4.96861577e+11  4.48035750e+11
   9.20272765e+11 -4.72032150e+11  3.89503091e+11  2.31476272e+12
   1.35960986e+12 -1.86238894e+10  3.30791256e+11  4.95702467e+10
  -7.20572088e+10 -6.17256124e+11  7.51334130e+11  2.10932515e+11
   5.77533338e+10 -9.00222812e+11 -3.96862882e+11 -3.33537739e+11]
 [ 2.31581286e+11  1.08810404e+12  1.16476464e+12  7.70536735e+10
   5.85825911e+11 -2.67987976e+11  1.28337733e+12  6.08820429e+09
   2.81726648e+11  6.76287873e+11 -3.87686040e+11  1.58570529e+11
  -7.13595093e+11 -1.55039918e+12  2.95282606e+11  6.74170929e+11
   2.32270856e+12 -3.16291219e+11  5.53218998e+11 -8.10060874e+11
  -3.06268307e+11  3.30914038e+11 -1.20222620e+12  2.00645902e+11
   1.95967648e+11 -6.81851093e+11 -1.19823191e+12  4.93658505e+11
   1.90654762e+12 -4.50517402e+11 -4.09055461e+11 -9.70325754e+11
  -1.35117603e+12 -3.43930405e+11 -4.31170847e+11 -3.45277006e+11
   7.46224943e+11  9.11377891e+11  8.59797848e+11  1.24164112e+12
  -1.81774228e+12 -1.76554209e+10  1.80015071e+11  8.34917958e+11
   1.68728576e+11 -4.47882363e+11 -1.36780339e+10  2.49748324e+11
  -8.87786439e+11  2.29193384e+11 -2.12580303e+11 -5.64160000e+09
   2.50394460e+11 -1.45436993e+12 -6.53564314e+11 -4.42614809e+11
  -1.37733498e+12  2.75586314e+10 -4.51787489e+11  1.51076995e+12
   4.81567171e+10 -6.31436149e+11  3.73612708e+11  5.25669270e+11
  -8.86053667e+11  1.25549832e+12  3.53010852e+10 -1.42693106e+11
  -4.06092808e+11 -1.09669686e+12 -1.19467252e+12  3.26512411e+11
  -1.11376908e+11  2.51037254e+11  2.02260546e+11  1.19011344e+12
   1.81255373e+11 -1.10838245e+12  1.97152752e+11 -6.74051654e+11
  -4.88137163e+11 -7.49894631e+11  1.27348415e+12  3.49934191e+11
   7.66875730e+11  7.53120182e+11 -2.57614381e+11 -3.82339285e+11
   1.33795099e+12 -3.10524903e+11 -7.72660789e+11 -2.07267378e+12
   2.10744836e+11  6.04086862e+11 -1.17779451e+12  5.35678583e+11
   6.67231650e+11 -6.46932529e+11 -1.77924293e+11  2.81081741e+11
  -1.06158765e+12  2.59040674e+11 -5.30541806e+11  6.78552904e+10
   2.63206404e+11  9.46250383e+11  3.51628231e+11  8.05195874e+11
  -4.64287629e+11 -8.20564296e+10  4.80000999e+11 -5.05247105e+11
  -5.82535291e+10  1.18111378e+12  1.06834362e+12  8.48707781e+11
  -4.27677188e+11  1.19670768e+12  2.37356450e+11  2.31293075e+11
   9.91150866e+11  1.29028039e+11 -2.30965297e+11  1.20361517e+12
  -4.99128205e+11  2.70455374e+11 -6.24644391e+11  1.87917910e+11]]
	OpName : Ops.MATMUL
	Original : [[ 8.77149028e+11  2.83869394e+12  2.32942551e+11 -8.60802449e+11
  -1.26251447e+12 -5.08240298e+11  1.57454054e+12  3.28046776e+10
  -3.95255546e+11  2.07316959e+11  5.81231051e+11 -1.66560530e+12
  -1.66627456e+12 -5.70621690e+11 -7.33426483e+11  8.72870248e+11
   5.63416793e+11 -1.51286081e+12 -2.03785424e+12  3.71364528e+11
  -6.58038587e+11  5.50286066e+11 -2.17561350e+11 -9.25410984e+11
   5.56451365e+11 -6.73701888e+10 -1.27061590e+12  3.50479548e+11
   8.80019702e+11  8.58509148e+11 -2.59753955e+12 -2.46778544e+11
   1.46496225e+12 -1.56141342e+12  7.45808986e+11 -6.37437870e+11
   2.47143219e+11  9.12144220e+10  4.82799387e+11 -2.45985264e+11
  -2.97505260e+11  7.55261178e+11  5.53156915e+09  6.99956855e+11
  -2.62447301e+11  2.87528911e+11 -2.76039336e+11  2.00875409e+11
  -5.15838116e+11 -1.65241848e+11  1.54676150e+11 -8.74516152e+10
   2.86507087e+12  1.86837919e+12 -5.61878598e+11 -3.63898798e+11
  -5.41835952e+11 -1.38951918e+11 -3.69196990e+11  3.65920322e+11
   6.20792840e+11  4.45168124e+11  9.97608063e+11 -1.09811224e+12
   7.71190686e+11 -3.63609817e+11  1.06126252e+12  1.36829207e+12
   1.51085751e+12  2.72709583e+11 -4.48475333e+11  1.13272160e+12
  -1.09054578e+12  6.52245524e+10 -9.99007846e+11  5.38203947e+11
   1.15051463e+12 -3.19845958e+11  4.83789734e+11  2.39033336e+11
  -7.01692183e+11 -4.55300645e+11  2.49349386e+10  1.17704675e+12
   1.31791349e+12  4.43325612e+11 -7.59030022e+11  1.43440111e+12
  -6.52030706e+11 -2.21687185e+11  3.65736067e+11 -5.03073210e+11
  -1.54949950e+12  3.45905168e+11  9.51006396e+11 -8.30441783e+11
  -6.98128925e+11 -4.56454062e+10  5.10529602e+11 -4.72483135e+11
   7.10803849e+11 -1.19021909e+12  9.77599726e+11 -3.55453501e+10
  -2.11517558e+12  9.21262948e+11  9.36602305e+11  3.48690416e+11
  -1.53739080e+12  6.29023965e+11 -4.52469637e+10  6.81608151e+10
  -3.30490085e+11  1.11728407e+12  1.71061320e+12 -1.04782979e+11
   1.95043881e+10  1.36460855e+12 -6.84648432e+11 -9.85707250e+11
   1.43282641e+12  6.03880751e+11  1.06648869e+12  8.20147651e+11
  -1.98134006e+10 -1.24576242e+12 -1.21956454e+12 -6.98753614e+11]
 [ 1.02228058e+11  1.23956140e+12  9.05034858e+11  6.46316950e+11
   1.52642008e+12 -6.81247506e+11 -1.74216675e+11 -1.95841137e+12
  -4.92395790e+11  2.80064557e+11  6.40575013e+11 -1.62822776e+12
  -1.20116470e+11 -2.28705354e+11  1.11641087e+12 -9.96927603e+11
   1.91144657e+12  6.60504084e+10 -1.89962610e+12  3.36077750e+11
  -5.51024722e+11 -1.81269561e+11 -1.92901703e+12  1.18913221e+11
   8.31272223e+10 -1.87158692e+12 -6.90539987e+11  5.64817101e+11
   2.35781374e+11  4.16320979e+11  2.28338926e+11 -5.34318481e+11
  -6.57039098e+11 -6.65241649e+11  6.03100873e+11 -3.02780580e+11
   1.42708520e+12  1.02352019e+11  3.08031160e+11 -5.48021567e+11
  -1.02721860e+12 -8.37160731e+11 -8.28734898e+11 -7.65159408e+11
  -7.87672728e+11 -1.92116556e+12 -1.04261268e+12  3.59049232e+11
  -1.79885883e+11  1.47245842e+11  1.49876638e+11  1.99015177e+12
   1.82869374e+12  3.36207446e+11  4.33838162e+11  7.51966880e+11
  -6.21167903e+11  1.23749990e+12  1.87904020e+12 -6.50862985e+11
   1.11410125e+12  2.00956166e+11 -3.50297752e+11  7.68848757e+11
  -5.89886194e+11 -2.75266437e+11 -4.76938338e+11 -2.23090364e+12
  -4.05763391e+11 -1.25894813e+12  1.69596590e+12  1.48605387e+11
  -1.07370914e+11  2.51496817e+10  1.23410293e+11  6.87706407e+11
   2.10626904e+11 -1.03255022e+12  1.29506312e+11 -5.69628688e+11
  -3.24822991e+11 -1.12843948e+12  6.98791297e+11  9.25207429e+11
  -2.18267861e+11 -1.00862886e+12  9.06517152e+11 -3.04411095e+10
   2.79259775e+11  3.69366794e+11  9.65894537e+11 -2.87346098e+11
  -1.67105987e+11  3.98242480e+11 -1.55798995e+12 -6.13749490e+11
  -5.89433143e+11  3.01224296e+11 -1.01700521e+12 -5.21349939e+10
  -1.21937055e+12 -1.51401202e+11  4.65490444e+11  6.52952142e+11
  -7.57872722e+11  2.00721187e+11  1.26719715e+12  2.69420803e+12
   5.25251805e+11  1.08360329e+12 -4.56776253e+11 -5.79409019e+11
   4.49279492e+11  1.41253476e+12  7.68576127e+11 -1.01484216e+11
   9.13808163e+11  3.16818227e+11 -1.59955209e+12 -2.80866128e+11
   1.45423768e+12  1.66949683e+12  6.68990874e+10 -1.22702869e+12
  -6.89650926e+11 -6.18732913e+11 -7.47986878e+11 -1.40355974e+12]
 [ 2.28353229e+11 -2.59974939e+11  2.21153565e+12  9.50500917e+11
   7.83081882e+10 -2.61302288e+11 -5.96284015e+11  1.58197377e+12
  -8.88194007e+10  1.38683246e+12  2.25895383e+12  1.98749012e+11
   4.48285245e+11 -2.21035217e+11 -1.83361759e+12  4.02330649e+11
   7.82055506e+11  9.90333174e+11 -1.16707937e+12  1.14155087e+12
  -7.16600246e+11  1.01400568e+11 -1.19774884e+10  1.81696686e+12
   2.35102224e+11  2.74228494e+11 -1.76577354e+12 -4.13598122e+11
   6.88349118e+11  5.32683948e+11  2.26388266e+12 -4.15967445e+11
  -6.25583391e+11  1.28602489e+11  6.82932503e+11 -2.81743983e+12
   1.82235365e+12 -2.31797408e+11 -1.34995129e+12 -1.20365030e+12
   1.09047081e+12  3.13551651e+11 -1.48651350e+12 -9.99253475e+11
   4.91164729e+11  2.05279953e+11 -1.89365928e+11  1.94214003e+11
   6.91928105e+11 -1.44783285e+12 -5.52692220e+11  2.05427311e+12
  -1.65761804e+12  8.43324457e+10  9.23158381e+11 -1.11991862e+12
  -4.09890693e+10  9.90340973e+11 -1.43124939e+11  6.65891439e+11
  -2.55607931e+11  5.39897922e+11  1.91789498e+11 -1.46469080e+12
  -8.39671284e+11 -8.19813548e+11  1.13428844e+12 -9.40179620e+10
  -4.29866254e+11  8.02301673e+11  1.69708192e+11  8.00835109e+11
  -1.93393574e+11 -4.00674030e+11  9.72057084e+11  1.34029522e+12
  -2.91595158e+11 -9.94196439e+10 -4.87156490e+10  4.10917110e+11
  -3.64193841e+11 -1.19319552e+11  2.04676186e+11  7.17475873e+11
  -8.42376970e+10 -7.85599955e+11 -1.04824381e+11 -5.37311871e+11
  -1.47792740e+11 -1.20889462e+12 -6.51783045e+11  1.36575818e+12
  -6.53170573e+11  8.06966067e+10 -2.65690179e+12 -1.21934551e+12
   6.90956534e+11 -3.88419944e+11  1.51749640e+11 -5.83099351e+11
   9.22421494e+11  3.50005035e+11 -2.29278247e+12  9.79208438e+10
  -5.01555298e+11  6.16628027e+11  4.77834052e+11 -5.27354069e+11
  -1.08545950e+11  1.71339465e+11 -4.96857383e+11  4.48035750e+11
   9.20272765e+11 -4.72032150e+11  3.88966220e+11  2.31476167e+12
   1.22217090e+12 -1.86239222e+10  3.30791256e+11  4.09803121e+10
  -7.20530145e+10 -6.16719254e+11  7.51334130e+11  2.10932515e+11
   5.77197793e+10 -8.99954377e+11 -3.97131317e+11 -3.33537739e+11]
 [ 2.31581155e+11  1.08810404e+12  1.23348412e+12  7.70536735e+10
   5.85824862e+11 -2.46701123e+12  1.28337733e+12  8.23568794e+09
   2.81743426e+11  6.76287742e+11 -3.87681845e+11  1.58536974e+11
  -6.96415224e+11 -1.55039918e+12  2.95282606e+11  9.49048836e+11
   2.30552869e+12 -3.16291219e+11  5.53218998e+11 -8.10060874e+11
  -3.06251530e+11  3.30914038e+11 -1.20222620e+12  2.00612348e+11
   1.95969745e+11 -6.81851093e+11 -1.19823191e+12  4.93654311e+11
   1.83782815e+12 -4.50651619e+11 -4.08921244e+11 -9.70325754e+11
  -1.35117813e+12 -4.81369358e+11 -4.31137292e+11 -3.45277006e+11
   7.46233332e+11  9.10841020e+11  8.59797848e+11  1.24164532e+12
  -1.81774228e+12 -1.76721981e+10  2.48734548e+11  8.34917958e+11
   1.67654834e+11 -4.47882363e+11 -1.36790825e+10  1.81028848e+11
  -8.87786439e+11  5.04071291e+11 -7.62336117e+11 -7.78908365e+09
   2.50394444e+11 -1.59180888e+12 -6.53564314e+11 -4.42614809e+11
  -1.37733498e+12  2.75586314e+10 -4.60377424e+11  1.50218002e+12
   4.78882816e+10 -6.31427760e+11  3.73612708e+11  5.42849139e+11
  -8.90348634e+11  1.25549832e+12  3.53681940e+10 -1.42558888e+11
  -4.06092874e+11 -1.09671363e+12 -1.19467357e+12  3.26512542e+11
  -1.11343354e+11  1.82317777e+11  2.02243768e+11  1.19011344e+12
   1.81255340e+11 -1.10838245e+12  1.97119197e+11 -6.73783218e+11
  -4.88137196e+11 -7.49894631e+11  1.27402102e+12  3.49934191e+11
   7.66875206e+11  7.53120182e+11 -2.57597604e+11 -3.82339252e+11
   1.33795099e+12 -3.27704773e+11 -7.72660789e+11 -2.07267378e+12
   2.10744836e+11  6.04086862e+11 -1.17779871e+12  5.35712137e+11
   6.67231650e+11 -6.46940918e+11 -1.86514227e+11  2.81081741e+11
  -1.06158765e+12  8.08796488e+11 -5.30541806e+11  6.78720676e+10
   2.28846666e+11  9.46250383e+11  3.51359795e+11  8.05061657e+11
  -4.64287629e+11 -8.20564296e+10  4.80000999e+11 -3.67808152e+11
  -5.82535291e+10  1.18004004e+12  1.07693356e+12  8.48707781e+11
  -4.28750930e+11  1.19670663e+12  2.37356450e+11  2.31293075e+11
   9.91150866e+11  1.29028039e+11 -2.30965297e+11  1.20361517e+12
  -4.99128205e+11  2.70455374e+11 -6.24644391e+11  1.87917910e+11]]
	Time : 0:00:42.394427
 }
{
	Count : 14
	Injected : [[1.310730e+05 6.500000e+01 6.553700e+04 8.192000e+03 6.400000e+01
  8.192000e+03 6.553700e+04 1.310730e+05 4.000000e+00 6.553700e+04
  1.638500e+04 2.560000e+02 6.553600e+04 1.280000e+02 1.600000e+01
  1.700000e+01 5.000000e+00 1.000000e+00 2.621440e+05 0.000000e+00
  1.638400e+04 1.290000e+02 6.553600e+04 1.000000e+00 2.570000e+02
  8.192000e+03 3.276800e+04 0.000000e+00 5.000000e+00 1.290000e+02
  1.638400e+04 4.096000e+03 3.276900e+04 1.310720e+05 2.049000e+03
  3.200000e+01 2.049000e+03 2.049000e+03 3.000000e+00 1.280000e+02
  1.638400e+04 1.025000e+03 8.193000e+03 1.025000e+03 2.000000e+00
  2.570000e+02 6.553600e+04 1.290000e+02 1.638400e+04 1.000000e+00
  5.130000e+02 8.000000e+00 5.000000e+00 5.000000e+00 8.192000e+03
  3.276800e+04 8.000000e+00 2.560000e+02 2.621440e+05 3.300000e+01
  1.025000e+03 3.276900e+04 9.000000e+00 1.600000e+01 5.000000e+00
  3.200000e+01 1.025000e+03 2.049000e+03 8.193000e+03 0.000000e+00
  1.310720e+05 3.276900e+04 1.000000e+00 3.276900e+04 3.200000e+01
  1.025000e+03 1.048577e+06 1.048576e+06 1.700000e+01 3.000000e+00
  1.048576e+06 1.638400e+04 3.000000e+00 1.048577e+06 5.242890e+05
  4.097000e+03 1.280000e+02 1.290000e+02 1.280000e+02 3.200000e+01
  1.290000e+02 1.024000e+03 1.280000e+02 4.097000e+03 2.570000e+02
  1.000000e+00 4.096000e+03 1.000000e+00 1.290000e+02 4.000000e+00
  5.242890e+05 1.024000e+03 9.000000e+00 1.024000e+03 3.276800e+04
  6.553700e+04 8.193000e+03 1.025000e+03 6.553600e+04 2.570000e+02
  3.200000e+01 9.000000e+00 1.638400e+04 3.300000e+01 3.000000e+00
  3.200000e+01 3.000000e+00 2.621450e+05 6.400000e+01 1.048576e+06
  1.290000e+02 3.000000e+00 5.000000e+00 5.242890e+05 2.048000e+03
  8.000000e+00 1.048576e+06 1.280000e+02]
 [2.049000e+03 3.300000e+01 3.276900e+04 0.000000e+00 6.500000e+01
  8.192000e+03 1.024000e+03 2.560000e+02 6.400000e+01 1.025000e+03
  3.276900e+04 5.120000e+02 2.000000e+00 8.000000e+00 5.000000e+00
  1.048576e+06 1.700000e+01 2.570000e+02 6.400000e+01 9.000000e+00
  3.200000e+01 1.024000e+03 3.200000e+01 1.290000e+02 5.130000e+02
  4.096000e+03 1.600000e+01 5.242890e+05 0.000000e+00 0.000000e+00
  3.300000e+01 3.276800e+04 4.096000e+03 1.638400e+04 3.276900e+04
  2.048000e+03 8.193000e+03 3.276900e+04 3.000000e+00 2.000000e+00
  8.192000e+03 1.280000e+02 4.096000e+03 4.000000e+00 3.200000e+01
  2.048000e+03 1.024000e+03 3.300000e+01 1.024000e+03 5.242890e+05
  2.570000e+02 5.242890e+05 5.130000e+02 2.621450e+05 5.000000e+00
  1.290000e+02 1.000000e+00 9.000000e+00 3.300000e+01 1.024000e+03
  2.049000e+03 3.300000e+01 3.200000e+01 5.130000e+02 5.120000e+02
  1.048576e+06 6.553600e+04 3.276800e+04 6.553600e+04 1.024000e+03
  3.000000e+00 3.000000e+00 1.024000e+03 4.097000e+03 1.290000e+02
  0.000000e+00 2.621450e+05 4.096000e+03 9.000000e+00 2.621440e+05
  6.400000e+01 1.024000e+03 8.193000e+03 1.025000e+03 1.310720e+05
  1.280000e+02 5.130000e+02 3.276800e+04 6.500000e+01 5.000000e+00
  3.000000e+00 1.048576e+06 2.621440e+05 2.570000e+02 2.048000e+03
  4.096000e+03 2.560000e+02 2.621450e+05 1.310720e+05 6.400000e+01
  1.280000e+02 4.000000e+00 2.049000e+03 1.025000e+03 6.400000e+01
  1.310730e+05 0.000000e+00 3.000000e+00 9.000000e+00 5.000000e+00
  1.310720e+05 1.280000e+02 1.638500e+04 1.048577e+06 2.049000e+03
  2.000000e+00 4.097000e+03 1.638500e+04 2.048000e+03 1.638400e+04
  1.700000e+01 4.097000e+03 1.638500e+04 6.553600e+04 6.400000e+01
  6.553600e+04 8.192000e+03 1.600000e+01]
 [1.700000e+01 4.000000e+00 9.000000e+00 4.097000e+03 1.310730e+05
  3.200000e+01 1.024000e+03 6.553700e+04 6.400000e+01 6.500000e+01
  2.049000e+03 5.000000e+00 3.276900e+04 3.276800e+04 1.280000e+02
  2.570000e+02 3.276900e+04 9.000000e+00 1.000000e+00 0.000000e+00
  2.048000e+03 1.310730e+05 6.400000e+01 6.500000e+01 3.276900e+04
  5.130000e+02 4.000000e+00 2.000000e+00 6.500000e+01 5.242890e+05
  5.000000e+00 6.400000e+01 1.310720e+05 1.290000e+02 1.700000e+01
  2.560000e+02 4.097000e+03 4.000000e+00 5.120000e+02 2.560000e+02
  5.000000e+00 1.025000e+03 2.560000e+02 1.048576e+06 4.097000e+03
  8.193000e+03 1.000000e+00 2.570000e+02 9.000000e+00 8.192000e+03
  2.048000e+03 1.310730e+05 4.096000e+03 1.290000e+02 4.097000e+03
  2.560000e+02 2.560000e+02 1.048577e+06 6.400000e+01 2.621450e+05
  6.553600e+04 2.621450e+05 6.553700e+04 1.280000e+02 3.200000e+01
  2.621440e+05 8.193000e+03 8.192000e+03 8.192000e+03 2.049000e+03
  6.500000e+01 5.000000e+00 1.048576e+06 4.096000e+03 1.048577e+06
  6.553700e+04 4.096000e+03 8.000000e+00 8.192000e+03 2.570000e+02
  1.600000e+01 5.120000e+02 0.000000e+00 1.638500e+04 6.400000e+01
  1.310720e+05 1.048576e+06 1.048576e+06 3.200000e+01 4.096000e+03
  4.096000e+03 1.290000e+02 1.280000e+02 4.097000e+03 1.000000e+00
  5.242880e+05 3.300000e+01 8.192000e+03 1.048577e+06 3.276800e+04
  1.290000e+02 2.049000e+03 3.200000e+01 5.130000e+02 1.638400e+04
  9.000000e+00 1.290000e+02 1.048576e+06 2.621440e+05 1.048577e+06
  4.000000e+00 4.097000e+03 1.025000e+03 3.200000e+01 3.276900e+04
  1.638500e+04 2.570000e+02 2.621440e+05 9.000000e+00 2.049000e+03
  1.310720e+05 2.048000e+03 3.000000e+00 3.300000e+01 5.242890e+05
  1.310720e+05 3.276800e+04 2.048000e+03]
 [9.000000e+00 2.621450e+05 6.500000e+01 5.000000e+00 5.000000e+00
  8.000000e+00 2.049000e+03 5.130000e+02 2.049000e+03 2.049000e+03
  2.000000e+00 2.570000e+02 1.000000e+00 4.096000e+03 4.097000e+03
  0.000000e+00 9.000000e+00 2.000000e+00 5.242890e+05 5.120000e+02
  5.242880e+05 2.570000e+02 2.048000e+03 4.097000e+03 2.049000e+03
  1.600000e+01 3.276800e+04 1.310730e+05 2.570000e+02 2.048000e+03
  2.000000e+00 1.638400e+04 1.638400e+04 1.600000e+01 5.120000e+02
  2.048000e+03 3.300000e+01 0.000000e+00 2.049000e+03 2.621450e+05
  3.276800e+04 3.276800e+04 6.500000e+01 5.242890e+05 1.310730e+05
  2.621440e+05 1.600000e+01 6.553700e+04 6.400000e+01 3.000000e+00
  1.048576e+06 1.280000e+02 3.000000e+00 8.192000e+03 4.096000e+03
  1.638400e+04 1.048576e+06 5.000000e+00 1.000000e+00 1.025000e+03
  6.500000e+01 2.560000e+02 6.500000e+01 5.000000e+00 2.048000e+03
  2.621450e+05 0.000000e+00 6.400000e+01 3.276800e+04 2.000000e+00
  1.000000e+00 1.025000e+03 2.000000e+00 5.000000e+00 3.276900e+04
  1.290000e+02 2.621450e+05 3.200000e+01 1.290000e+02 5.242880e+05
  1.280000e+02 5.242880e+05 1.048577e+06 5.242890e+05 4.097000e+03
  1.048577e+06 1.024000e+03 1.310720e+05 2.621450e+05 6.400000e+01
  3.276800e+04 2.048000e+03 6.500000e+01 1.638500e+04 1.280000e+02
  6.500000e+01 9.000000e+00 5.120000e+02 5.242880e+05 3.000000e+00
  1.024000e+03 6.553700e+04 1.280000e+02 6.553700e+04 1.310730e+05
  3.300000e+01 1.290000e+02 1.700000e+01 8.000000e+00 1.600000e+01
  2.049000e+03 6.553600e+04 6.553600e+04 3.000000e+00 4.097000e+03
  2.570000e+02 8.000000e+00 5.000000e+00 1.000000e+00 1.000000e+00
  1.000000e+00 1.000000e+00 0.000000e+00 1.000000e+00 0.000000e+00
  1.000000e+00 0.000000e+00 1.000000e+00]]
	OpName : Ops.SIGMOID
	Original : [[1. 1. 1. 0. 0. 0. 1. 1. 0. 1. 1. 0. 0. 0. 0. 1. 1. 0. 0. 1. 0. 1. 0. 0.
  1. 0. 0. 1. 1. 1. 0. 0. 1. 0. 1. 0. 1. 1. 1. 0. 0. 1. 1. 1. 0. 1. 0. 1.
  0. 0. 1. 0. 1. 1. 0. 0. 0. 0. 0. 1. 1. 1. 1. 0. 1. 0. 1. 1. 1. 1. 0. 1.
  0. 1. 0. 1. 1. 0. 1. 1. 0. 0. 1. 1. 1. 1. 0. 1. 0. 0. 1. 0. 0. 1. 1. 0.
  0. 0. 1. 0. 1. 0. 1. 0. 0. 1. 1. 1. 0. 1. 0. 1. 0. 1. 1. 0. 1. 1. 0. 0.
  1. 1. 1. 1. 0. 0. 0. 0.]
 [1. 1. 1. 1. 1. 0. 0. 0. 0. 1. 1. 0. 0. 0. 1. 0. 1. 1. 0. 1. 0. 0. 0. 1.
  1. 0. 0. 1. 1. 1. 1. 0. 0. 0. 1. 0. 1. 1. 1. 0. 0. 0. 0. 0. 0. 0. 0. 1.
  0. 1. 1. 1. 1. 1. 1. 1. 0. 1. 1. 0. 1. 1. 0. 1. 0. 0. 0. 0. 0. 0. 1. 1.
  0. 1. 1. 1. 1. 0. 1. 0. 0. 0. 1. 1. 0. 0. 1. 0. 1. 1. 1. 0. 0. 1. 0. 0.
  0. 1. 0. 0. 0. 0. 1. 1. 0. 1. 1. 1. 1. 1. 0. 0. 1. 1. 1. 0. 1. 1. 0. 0.
  1. 1. 1. 0. 0. 0. 0. 0.]
 [1. 0. 1. 1. 1. 0. 0. 1. 0. 1. 1. 1. 1. 0. 0. 1. 1. 1. 0. 1. 0. 1. 0. 1.
  1. 1. 0. 0. 1. 1. 1. 0. 0. 1. 1. 0. 1. 0. 0. 0. 1. 1. 0. 0. 1. 1. 0. 1.
  1. 0. 0. 1. 0. 1. 1. 0. 0. 1. 0. 1. 0. 1. 1. 0. 0. 0. 1. 0. 0. 1. 1. 1.
  0. 0. 1. 1. 0. 0. 0. 1. 0. 0. 1. 1. 0. 0. 0. 0. 0. 0. 0. 1. 0. 1. 0. 0.
  1. 0. 1. 0. 1. 1. 0. 1. 0. 1. 1. 0. 0. 1. 0. 1. 1. 0. 1. 1. 1. 0. 1. 1.
  0. 0. 1. 1. 1. 0. 0. 0.]
 [1. 1. 1. 1. 1. 0. 1. 1. 1. 1. 0. 1. 0. 0. 1. 1. 1. 0. 1. 0. 0. 1. 0. 1.
  1. 0. 0. 1. 1. 0. 0. 0. 0. 0. 0. 0. 1. 1. 1. 1. 0. 0. 1. 1. 1. 0. 0. 1.
  0. 1. 0. 0. 1. 0. 0. 0. 0. 1. 0. 1. 1. 0. 1. 1. 0. 1. 1. 0. 0. 0. 0. 1.
  0. 1. 1. 1. 1. 0. 1. 0. 0. 0. 1. 1. 1. 1. 0. 0. 1. 0. 0. 0. 1. 1. 0. 1.
  1. 0. 0. 1. 0. 1. 0. 1. 1. 1. 1. 1. 0. 0. 1. 0. 0. 1. 1. 1. 0. 1. 1. 1.
  1. 1. 0. 1. 0. 1. 0. 1.]]
	Time : 0:00:42.426356
 }
{
	Count : 15
	Injected : [[ 2.76555006e+11 -2.61240373e+11  5.43720800e+11 ...  3.70033459e+11
  -3.26364856e+10 -1.06751479e+12]
 [ 4.79145787e+11 -3.90282707e+11  1.13025909e+11 ... -8.49576346e+10
  -7.98688707e+10 -1.18362803e+09]
 [ 2.30289100e+12  1.75873004e+10  5.34680764e+11 ...  1.07401544e+12
  -1.04592631e+12  7.71131965e+10]
 [ 3.26121554e+11 -4.30431044e+11 -6.01087410e+11 ...  1.37699826e+12
  -1.08227120e+12  2.36556550e+11]]
	OpName : Ops.MATMUL
	Original : [[ 2.76555006e+11 -2.61240340e+11  5.43720767e+11 ...  3.70016682e+11
  -2.83415183e+10 -1.06805166e+12]
 [ 4.79145787e+11 -3.90282707e+11  1.13025909e+11 ... -8.49576346e+10
  -7.96004352e+10 -1.18362778e+09]
 [ 2.30289074e+12  1.97347840e+10  5.34676570e+11 ...  1.07401544e+12
  -9.08487361e+11  7.71129344e+10]
 [ 3.26121554e+11 -4.30431044e+11 -6.01087410e+11 ...  1.37699826e+12
  -1.08227120e+12  2.36556550e+11]]
	Time : 0:00:42.453576
 }
{
	Count : 16
	Injected : [[ 3.45275007e+11 -2.61777179e+11  5.43720735e+11 ...  3.70016682e+11
  -3.26364201e+10 -1.06751479e+12]
 [ 4.79145263e+11 -3.90274253e+11  1.13025876e+11 ... -8.49575035e+10
  -7.96004352e+10 -1.18375910e+09]
 [ 2.30287475e+12  1.75876280e+10  5.34680764e+11 ...  1.07408255e+12
  -1.04593051e+12  1.11472935e+11]
 [ 3.26122078e+11 -4.39020913e+11 -6.01087410e+11 ...  1.37699826e+12
  -1.08227120e+12  2.36556550e+11]]
	OpName : Ops.ADD
	Original : [[ 2.76555530e+11 -2.61240308e+11  5.43720800e+11 ...  3.70033459e+11
  -3.26364856e+10 -1.06751479e+12]
 [ 4.79146312e+11 -3.90282641e+11  1.13025909e+11 ... -8.49576346e+10
  -7.98688707e+10 -1.18362803e+09]
 [ 2.30289152e+12  1.75873659e+10  5.34680764e+11 ...  1.07401544e+12
  -1.04592631e+12  7.71131965e+10]
 [ 3.26122078e+11 -4.30430978e+11 -6.01087410e+11 ...  1.37699826e+12
  -1.08227120e+12  2.36556550e+11]]
	Time : 0:00:42.469759
 }
{
	Count : 17
	Injected : [[9.000000e+00 4.096000e+03 1.638500e+04 ... 3.276900e+04 3.276800e+04
  6.400000e+01]
 [8.193000e+03 3.200000e+01 5.130000e+02 ... 4.096000e+03 8.000000e+00
  3.200000e+01]
 [5.000000e+00 0.000000e+00 2.570000e+02 ... 1.048577e+06 2.000000e+00
  1.025000e+03]
 [2.621450e+05 2.560000e+02 3.276800e+04 ... 1.000000e+00 0.000000e+00
  1.000000e+00]]
	OpName : Ops.SIGMOID
	Original : [[1. 0. 1. ... 1. 0. 0.]
 [1. 0. 1. ... 0. 0. 0.]
 [1. 1. 1. ... 1. 0. 1.]
 [1. 0. 0. ... 1. 0. 1.]]
	Time : 0:00:42.481199
 }
{
	Count : 18
	Injected : [[ 8.45329334e+11 -9.17488927e+11 -3.15278885e+11 ...  1.10959644e+12
   8.89741902e+11  4.86611804e+10]
 [ 1.26201666e+12 -3.62197910e+11  7.49907018e+11 ...  3.68891986e+11
  -3.77437585e+11 -7.59562699e+11]
 [-1.12573219e+12 -1.16096893e+11  1.48639318e+11 ... -2.72184787e+11
   8.51352814e+11  1.29053409e+11]
 [ 3.53596932e+11  1.08961386e+12 -2.22076289e+11 ...  2.59092015e+12
  -5.69745080e+11  4.07766565e+11]]
	OpName : Ops.MATMUL
	Original : [[ 8.45329334e+11 -9.17488927e+11 -3.15278885e+11 ...  1.12677631e+12
   8.89741902e+11  4.86611476e+10]
 [ 1.26201666e+12 -3.64345393e+11  7.49898629e+11 ...  3.68896180e+11
  -3.77437585e+11 -7.59562699e+11]
 [-1.10855232e+12 -1.16097155e+11  2.17358795e+11 ... -2.72168010e+11
   8.51354911e+11  1.29053409e+11]
 [ 3.53605321e+11  1.08968097e+12 -2.19928805e+11 ...  2.59092015e+12
  -5.69745080e+11  4.07766565e+11]]
	Time : 0:00:42.519022
 }
{
	Count : 19
	Injected : [[ 8.45330383e+11 -9.17488927e+11 -3.15279147e+11 ...  1.17831592e+12
   8.89741902e+11  4.86611804e+10]
 [ 1.26201666e+12 -3.62197942e+11  7.49906756e+11 ...  3.68875209e+11
  -3.77437061e+11 -7.58488957e+11]
 [-1.16009193e+12 -1.16096893e+11  1.49712798e+11 ... -2.71916351e+11
   8.51352814e+11  1.29053147e+11]
 [ 3.57891899e+11  1.08961386e+12 -2.22076568e+11 ...  2.59092015e+12
  -5.69745080e+11  4.07766565e+11]]
	OpName : Ops.ADD
	Original : [[ 8.45329334e+11 -9.17488927e+11 -3.15279147e+11 ...  1.10959644e+12
   8.89741902e+11  4.86611804e+10]
 [ 1.26201666e+12 -3.62197910e+11  7.49906756e+11 ...  3.68891986e+11
  -3.77437585e+11 -7.59562699e+11]
 [-1.12573219e+12 -1.16096893e+11  1.48639056e+11 ... -2.72184787e+11
   8.51352814e+11  1.29053409e+11]
 [ 3.53596932e+11  1.08961386e+12 -2.22076551e+11 ...  2.59092015e+12
  -5.69745080e+11  4.07766565e+11]]
	Time : 0:00:42.561045
 }
{
	Count : 20
	Injected : [[9.00000e+00 2.62144e+05 3.20000e+01 ... 5.00000e+00 2.57000e+02
  5.00000e+00]
 [5.13000e+02 1.60000e+01 5.00000e+00 ... 3.27690e+04 4.09600e+03
  5.24288e+05]
 [1.28000e+02 6.55360e+04 1.29000e+02 ... 3.20000e+01 1.63850e+04
  1.63850e+04]
 [1.02500e+03 6.50000e+01 4.00000e+00 ... 1.00000e+00 0.00000e+00
  1.00000e+00]]
	OpName : Ops.SIGMOID
	Original : [[1. 0. 0. ... 1. 1. 1.]
 [1. 0. 1. ... 1. 0. 0.]
 [0. 0. 1. ... 0. 1. 1.]
 [1. 1. 0. ... 1. 0. 1.]]
	Time : 0:00:42.593876
 }
{
	Count : 1
	Injected : [ 2.62144469e+05  1.16012144e+00 -2.35514015e-01  7.66169906e-01
 -1.12726939e+00 -1.57258058e+00 -2.46548057e+00  8.29358816e-01
 -4.89867240e-01 -5.12638916e+02  6.34183139e-02 -9.84050155e-01
 -7.97392607e-01  8.19238281e+03 -2.04822021e+03  5.53323567e-01
 -2.02892140e-01  4.09746875e+03 -1.62234128e+00 -1.67535896e+01
 -8.41071725e-01 -6.45557480e+01  8.80314445e+00 -5.88370848e+00
 -3.27364326e-01  1.68926086e+01  6.49858932e+01  1.63840117e+04
 -1.81547546e+01 -2.42401147e+00  2.85383511e+00  4.23045516e-01
 -6.83129191e-01  1.63802605e+01 -2.62144281e+05 -3.21764374e+01
 -4.47012615e+00 -2.57605835e+02  1.15689039e+00 -2.01730698e-01
  3.56424749e-01  1.27981615e+00 -2.38549873e-01 -1.53091443e+00
  5.24288625e+05 -8.31128120e+00 -2.56691620e+02  5.14157471e+02
 -2.08982563e+00  1.72429523e+01  4.09611279e+03  3.95434165e+00
 -2.38510633e+00  1.04857725e+06  1.31072000e+05  2.04915259e+03
 -6.45069046e+01  1.15809858e+00  1.11749455e-01 -1.38156027e-01
  2.13366175e+00  4.49140787e+00 -3.08504969e-01  3.30366164e-01
  1.31072453e+05 -5.67325950e-02 -8.19219336e+03 -8.61769557e-01
 -2.56886627e+02 -1.92449057e+00  1.63858750e+04  1.32486618e+00
 -3.65528554e-01 -3.14419723e+00 -2.62145562e+05 -3.26089630e+01
 -5.24288062e+05  2.23241162e+00 -9.70461559e+00 -1.09941483e+00
  5.24288375e+05  1.31072109e+05 -7.52871633e-01  3.24897289e-01
 -1.29677780e+02  1.31073891e+05  3.21738319e+01  8.91526794e+00
  5.46879888e-01 -8.60148525e+00  1.51544839e-01 -1.67517476e-02
  3.27696953e+04  8.62442780e+00 -1.31072312e+05 -1.93626583e+00
 -2.57462799e+02  1.02446887e+03  1.17084369e-01  1.28020264e+02
 -2.19561076e+00  2.05626845e+00 -6.50787506e+01  3.27685352e+04
 -7.60223448e-01  2.71441102e-01 -6.55373125e+04  2.04828906e+03
 -2.12770775e-01 -5.10896397e+00 -1.28753769e+02  6.55362891e+04
 -1.65818920e+01  2.04852661e+03  3.95099610e-01  2.76827514e-01
 -1.02679834e+03 -1.13067877e+00 -1.01333847e-02 -8.07134956e-02
  1.98575556e-01 -5.58402717e-01 -2.18228197e+00 -1.93382204e-02
  7.28183687e-01 -8.45383227e-01  3.67534995e-01  1.99804223e+00]
	OpName : Ops.IDENTITY
	Original : [ 0.45969197  1.1581683  -0.21988901  0.8286699  -1.1428944  -1.5706275
 -2.4498556   0.9543588  -0.45861724 -0.6389064   0.06537144 -0.982097
 -0.2973926   0.3826296  -0.22020368  0.61582357 -0.19507964  1.4687172
 -1.618435   -0.7535905  -0.7785717  -0.5557497   0.8031446  -1.8837085
 -0.32345808  0.8926093   0.9858903   0.01216067 -2.1547544  -0.4240115
  0.85383505  0.42499864 -0.68117607  0.38026103 -0.26700884 -0.17643741
 -0.47012603 -1.6058277   0.15689044 -0.19782445  0.3525185   0.27981615
 -0.17604987 -1.7809144   0.60174584 -0.3112812  -0.6916238   2.157495
 -0.08982562  1.2429516   0.11261506  1.9543417  -2.4476063   1.2759104
  0.00692351  1.152533   -0.5069056   1.157122    0.23674946 -0.13424978
  0.1336618   0.49140796 -0.30655184  0.36161616  0.45311415 -0.5567326
 -0.1935801  -0.36176953 -0.886633   -1.9225374   1.8746439   0.32486618
 -0.34990355 -1.1441972  -1.5500486  -0.6089633  -0.08277421  0.23241156
 -1.7046156  -1.101368    0.34645483  0.1020726  -1.7528716   0.32587385
 -1.6777797   1.8940504   0.17383368  0.9152675   0.5312549  -0.60148543
  0.15056828 -0.020658    1.6939645   0.6244278  -0.30977607 -1.9284533
 -1.4628097   0.4688624   0.08583437  0.02026056 -2.0706108   0.05626836
 -1.0787531   0.53500664 -0.79147345  0.26753485 -1.3123592   0.2890901
 -0.20495827 -1.1089641  -0.75377184  0.2873736  -0.58189136  0.5265653
  0.2700996   0.02682752 -2.7983727  -1.1326319  -0.01013338 -0.0807135
  0.19857556 -0.5584027  -2.182282   -0.01933822  0.7281837  -0.8453832
  0.367535    1.9980422 ]
	Time : 0:00:42.693795
 }
