Starting log at 2022-05-07 18:24:14.119125

{
	Count : 8
	Injected : [ 1.3107223e+05  4.4651771e+00  2.0491863e+03  5.6286734e-01
 -2.6214538e+05 -2.5754477e+02  5.9678191e-01 -1.0241252e+03
  6.4414421e+01 -2.5602686e+02 -2.0482297e+03 -8.1930674e+03
 -1.1681356e+00  1.6205801e+00 -6.4196228e+01 -5.1246381e+02
 -1.3107272e+05  3.2768082e+04  1.0023546e+00 -2.3181222e-01
 -1.3107256e+05 -3.3188362e+01  5.0478721e-01 -1.5328484e+00
  5.0337777e-02 -2.2703806e-01 -1.6050299e+00  4.8684123e-01
 -2.0597954e-01 -5.9995389e-01 -9.1936219e-01 -8.1932294e-01]
	OpName : Ops.IDENTITY
	Original : [ 0.22798882  0.46517718  1.1863402   0.5667736  -1.3841822  -1.544761
  0.59580535 -0.12521586  0.41442057 -0.0268514  -0.22973128 -1.0670152
 -1.6681356   1.6196035  -0.1962266  -0.46377978 -0.720123    0.0823556
  1.2523546  -0.20056222 -0.5578293  -1.1883618   0.5047872  -1.5328484
  0.05033778 -0.22703806 -1.60503     0.48684123 -0.20597954 -0.5999539
 -0.9193622  -0.81932294]
	Time : 0:00:00.167116
 }
{
	Count : 13
	Injected : [[[[1.600000e+01]
   [3.200000e+01]
   [1.024000e+03]
   ...
   [3.276800e+04]
   [5.120000e+02]
   [1.638400e+04]]

  [[2.000000e+00]
   [1.280000e+02]
   [4.000000e+00]
   ...
   [1.638400e+04]
   [6.400000e+01]
   [2.560000e+02]]

  [[5.242880e+05]
   [6.553600e+04]
   [3.200000e+01]
   ...
   [5.120000e+02]
   [2.000000e+00]
   [1.048576e+06]]

  ...

  [[2.560000e+02]
   [3.276800e+04]
   [5.120000e+02]
   ...
   [1.280000e+02]
   [4.000000e+00]
   [2.048000e+03]]

  [[5.120000e+02]
   [6.400000e+01]
   [2.621440e+05]
   ...
   [5.242880e+05]
   [2.560000e+02]
   [1.024000e+03]]

  [[6.553600e+04]
   [2.621440e+05]
   [5.120000e+02]
   ...
   [2.048000e+03]
   [4.000000e+00]
   [6.400000e+01]]]


 [[[2.621440e+05]
   [1.600000e+01]
   [2.000000e+00]
   ...
   [1.310720e+05]
   [4.000000e+00]
   [6.553600e+04]]

  [[2.000000e+00]
   [3.276800e+04]
   [8.000000e+00]
   ...
   [2.621440e+05]
   [8.000000e+00]
   [1.024000e+03]]

  [[5.242880e+05]
   [2.560000e+02]
   [2.000000e+00]
   ...
   [1.310720e+05]
   [3.200000e+01]
   [5.120000e+02]]

  ...

  [[3.200000e+01]
   [1.638400e+04]
   [4.096000e+03]
   ...
   [1.280000e+02]
   [2.560000e+02]
   [8.192000e+03]]

  [[3.200000e+01]
   [5.120000e+02]
   [5.120000e+02]
   ...
   [8.192000e+03]
   [5.242880e+05]
   [5.120000e+02]]

  [[1.310720e+05]
   [6.553600e+04]
   [1.024000e+03]
   ...
   [2.000000e+00]
   [1.048576e+06]
   [4.096000e+03]]]


 [[[2.000000e+00]
   [1.280000e+02]
   [5.120000e+02]
   ...
   [4.096000e+03]
   [1.024000e+03]
   [3.200000e+01]]

  [[2.000000e+00]
   [1.600000e+01]
   [3.200000e+01]
   ...
   [4.000000e+00]
   [5.242880e+05]
   [1.048576e+06]]

  [[6.553600e+04]
   [2.560000e+02]
   [1.048576e+06]
   ...
   [6.400000e+01]
   [3.276800e+04]
   [2.560000e+02]]

  ...

  [[2.000000e+00]
   [4.096000e+03]
   [5.120000e+02]
   ...
   [3.200000e+01]
   [3.276800e+04]
   [1.000000e+00]]

  [[3.276800e+04]
   [5.242880e+05]
   [2.560000e+02]
   ...
   [4.000000e+00]
   [2.000000e+00]
   [1.280000e+02]]

  [[1.280000e+02]
   [1.310720e+05]
   [3.200000e+01]
   ...
   [6.400000e+01]
   [1.310720e+05]
   [5.242880e+05]]]


 ...


 [[[6.553600e+04]
   [8.000000e+00]
   [2.621440e+05]
   ...
   [1.310720e+05]
   [2.621440e+05]
   [2.560000e+02]]

  [[1.000000e+00]
   [1.600000e+01]
   [8.000000e+00]
   ...
   [2.560000e+02]
   [1.310720e+05]
   [1.310720e+05]]

  [[3.200000e+01]
   [1.310720e+05]
   [6.553600e+04]
   ...
   [3.276800e+04]
   [1.638400e+04]
   [1.048576e+06]]

  ...

  [[8.000000e+00]
   [6.553600e+04]
   [4.096000e+03]
   ...
   [2.621440e+05]
   [8.192000e+03]
   [2.000000e+00]]

  [[3.276800e+04]
   [8.192000e+03]
   [5.242880e+05]
   ...
   [5.242880e+05]
   [5.120000e+02]
   [2.048000e+03]]

  [[1.280000e+02]
   [8.000000e+00]
   [2.621440e+05]
   ...
   [1.000000e+00]
   [4.096000e+03]
   [3.200000e+01]]]


 [[[1.280000e+02]
   [8.192000e+03]
   [2.000000e+00]
   ...
   [1.048576e+06]
   [8.000000e+00]
   [6.400000e+01]]

  [[8.000000e+00]
   [1.310720e+05]
   [2.560000e+02]
   ...
   [4.000000e+00]
   [1.280000e+02]
   [1.024000e+03]]

  [[1.000000e+00]
   [6.553600e+04]
   [2.560000e+02]
   ...
   [3.200000e+01]
   [1.600000e+01]
   [8.192000e+03]]

  ...

  [[4.096000e+03]
   [1.310720e+05]
   [8.192000e+03]
   ...
   [3.200000e+01]
   [4.000000e+00]
   [1.600000e+01]]

  [[5.242880e+05]
   [2.000000e+00]
   [8.192000e+03]
   ...
   [4.096000e+03]
   [8.192000e+03]
   [3.200000e+01]]

  [[5.120000e+02]
   [8.192000e+03]
   [4.000000e+00]
   ...
   [2.621440e+05]
   [2.621440e+05]
   [1.024000e+03]]]


 [[[1.280000e+02]
   [2.621440e+05]
   [1.600000e+01]
   ...
   [4.096000e+03]
   [4.096000e+03]
   [5.120000e+02]]

  [[8.000000e+00]
   [1.048576e+06]
   [2.560000e+02]
   ...
   [1.280000e+02]
   [6.553600e+04]
   [1.600000e+01]]

  [[2.048000e+03]
   [1.638400e+04]
   [3.200000e+01]
   ...
   [6.553600e+04]
   [1.638400e+04]
   [5.242880e+05]]

  ...

  [[4.096000e+03]
   [3.200000e+01]
   [2.560000e+02]
   ...
   [1.600000e+01]
   [1.280000e+02]
   [1.638400e+04]]

  [[5.242880e+05]
   [1.048576e+06]
   [1.000000e+00]
   ...
   [4.000000e+00]
   [3.200000e+01]
   [8.192000e+03]]

  [[4.096000e+03]
   [3.200000e+01]
   [2.621440e+05]
   ...
   [0.000000e+00]
   [0.000000e+00]
   [0.000000e+00]]]]
	OpName : Ops.RESHAPE
	Original : [[[[0.]
   [0.]
   [0.]
   ...
   [0.]
   [0.]
   [0.]]

  [[0.]
   [0.]
   [0.]
   ...
   [0.]
   [0.]
   [0.]]

  [[0.]
   [0.]
   [0.]
   ...
   [0.]
   [0.]
   [0.]]

  ...

  [[0.]
   [0.]
   [0.]
   ...
   [0.]
   [0.]
   [0.]]

  [[0.]
   [0.]
   [0.]
   ...
   [0.]
   [0.]
   [0.]]

  [[0.]
   [0.]
   [0.]
   ...
   [0.]
   [0.]
   [0.]]]


 [[[0.]
   [0.]
   [0.]
   ...
   [0.]
   [0.]
   [0.]]

  [[0.]
   [0.]
   [0.]
   ...
   [0.]
   [0.]
   [0.]]

  [[0.]
   [0.]
   [0.]
   ...
   [0.]
   [0.]
   [0.]]

  ...

  [[0.]
   [0.]
   [0.]
   ...
   [0.]
   [0.]
   [0.]]

  [[0.]
   [0.]
   [0.]
   ...
   [0.]
   [0.]
   [0.]]

  [[0.]
   [0.]
   [0.]
   ...
   [0.]
   [0.]
   [0.]]]


 [[[0.]
   [0.]
   [0.]
   ...
   [0.]
   [0.]
   [0.]]

  [[0.]
   [0.]
   [0.]
   ...
   [0.]
   [0.]
   [0.]]

  [[0.]
   [0.]
   [0.]
   ...
   [0.]
   [0.]
   [0.]]

  ...

  [[0.]
   [0.]
   [0.]
   ...
   [0.]
   [0.]
   [0.]]

  [[0.]
   [0.]
   [0.]
   ...
   [0.]
   [0.]
   [0.]]

  [[0.]
   [0.]
   [0.]
   ...
   [0.]
   [0.]
   [0.]]]


 ...


 [[[0.]
   [0.]
   [0.]
   ...
   [0.]
   [0.]
   [0.]]

  [[0.]
   [0.]
   [0.]
   ...
   [0.]
   [0.]
   [0.]]

  [[0.]
   [0.]
   [0.]
   ...
   [0.]
   [0.]
   [0.]]

  ...

  [[0.]
   [0.]
   [0.]
   ...
   [0.]
   [0.]
   [0.]]

  [[0.]
   [0.]
   [0.]
   ...
   [0.]
   [0.]
   [0.]]

  [[0.]
   [0.]
   [0.]
   ...
   [0.]
   [0.]
   [0.]]]


 [[[0.]
   [0.]
   [0.]
   ...
   [0.]
   [0.]
   [0.]]

  [[0.]
   [0.]
   [0.]
   ...
   [0.]
   [0.]
   [0.]]

  [[0.]
   [0.]
   [0.]
   ...
   [0.]
   [0.]
   [0.]]

  ...

  [[0.]
   [0.]
   [0.]
   ...
   [0.]
   [0.]
   [0.]]

  [[0.]
   [0.]
   [0.]
   ...
   [0.]
   [0.]
   [0.]]

  [[0.]
   [0.]
   [0.]
   ...
   [0.]
   [0.]
   [0.]]]


 [[[0.]
   [0.]
   [0.]
   ...
   [0.]
   [0.]
   [0.]]

  [[0.]
   [0.]
   [0.]
   ...
   [0.]
   [0.]
   [0.]]

  [[0.]
   [0.]
   [0.]
   ...
   [0.]
   [0.]
   [0.]]

  ...

  [[0.]
   [0.]
   [0.]
   ...
   [0.]
   [0.]
   [0.]]

  [[0.]
   [0.]
   [0.]
   ...
   [0.]
   [0.]
   [0.]]

  [[0.]
   [0.]
   [0.]
   ...
   [0.]
   [0.]
   [0.]]]]
	Time : 0:00:22.139099
 }
