Starting log at 2022-05-07 18:24:14.245612

{
	Count : 12
	Injected : [[[[ 2.04949902e+03 -1.28517853e+02  3.27683711e+04 ...  8.76075840e+00
     2.62144562e+05  1.31072688e+05]
   [ 5.24288375e+05  8.09396458e+00  5.86595058e-01 ... -1.68727911e+00
     1.29914795e+02 -5.09473205e-01]
   [-3.27689414e+04 -1.64987373e+01  2.04997974e+03 ...  8.43970239e-01
     1.65597858e+01  2.56668488e+02]
   ...
   [ 5.47401237e+00 -1.04857675e+06  2.62145125e+05 ... -5.34628391e+00
     2.62144344e+05 -1.61992788e+00]
   [ 2.04922925e+03  6.81465745e-01  9.68950081e+00 ... -1.16778839e+00
     1.02579541e+03 -5.12263855e+02]
   [-3.29876289e+01  3.27682891e+04 -1.06303024e+00 ...  4.85879987e-01
     9.22221661e-01  3.92944038e-01]]

  [[-8.38162601e-02 -4.98014748e-01 -1.00270140e+00 ...  5.24289062e+05
     1.90773213e+00  1.69101162e+01]
   [-2.77153826e+00 -6.55370625e+04  1.02374089e+00 ... -6.18398428e-01
     1.11215162e+00  2.62144656e+05]
   [-1.63841289e+04 -3.27689961e+04 -6.41211748e-01 ...  2.04816235e+03
    -8.19210645e+03 -3.26415977e+01]
   ...
   [-3.76821375e+00  4.23483104e-01 -6.50921097e+01 ...  6.69683516e-01
    -2.37794891e-01 -1.38229167e+00]
   [-4.09663916e+03 -3.27695938e+04  2.45469975e+00 ... -2.32477099e-01
    -6.55360000e+04  1.19370198e+00]
   [-1.71168402e-01 -2.04882202e+03 -8.19223535e+03 ...  1.63842324e+04
     2.56594574e+02 -5.12082642e+02]]

  [[-2.56515473e-01  8.06068325e+00 -6.40441513e+01 ... -8.19229590e+03
     1.63849824e+04  5.92795968e-01]
   [ 1.08646631e+00 -6.55360938e+04 -1.63850586e+04 ...  1.49610233e+00
    -4.09619189e+03  2.04967700e+03]
   [-6.55376094e+04  2.90409684e+00  6.42529373e+01 ... -2.74645001e-01
    -6.50365219e+01 -3.27700312e+04]
   ...
   [ 8.05400789e-01  6.44296408e-01 -3.36011314e+01 ...  4.70298529e-01
     1.19396403e-01  3.27249794e+01]
   [-8.76900959e+00 -1.31072109e+05 -2.56065002e+02 ...  2.04884937e+03
     1.58233249e+00 -3.52026820e-01]
   [-2.56911438e+02 -1.15445960e+00 -2.62144125e+05 ...  2.93625712e-01
     1.54107380e+00  6.55367578e+04]]

  [[ 1.37500679e+00  3.77956897e-01 -4.34439629e-01 ...  2.57258759e+02
     2.38267705e-01  5.12853516e+02]
   [ 6.81609035e-01 -8.19241992e+03  1.31072109e+05 ... -1.34464219e-01
    -5.13828369e+02  6.41217422e+01]
   [-1.62037897e+00 -1.62784004e+01 -1.63844082e+04 ... -3.12080860e+00
    -1.41901553e-01  1.63848418e+04]
   ...
   [ 2.56970367e+02 -5.12290710e+02 -8.80934834e-01 ...  7.88042784e-01
     3.20269966e+01  2.62144344e+05]
   [ 1.03953695e+00 -5.13748657e+02  1.44931602e+00 ...  1.38976455e-01
    -1.27752686e+00 -1.55773997e-01]
   [-9.37417984e+00  8.61807823e-01  1.63841406e+04 ...  1.02435242e+03
     1.31072469e+05 -4.19296408e+00]]

  [[ 1.67025585e+01 -6.42999573e+01  2.96473324e-01 ...  2.62145312e+05
     2.57944059e+00  6.55368750e+04]
   [ 2.57198639e+02  1.45039487e+00  2.62144250e+05 ... -3.59509444e+00
    -2.56545685e+02 -5.24289000e+05]
   [ 2.75177717e+00 -6.55370938e+04  2.56079620e+02 ...  7.70358264e-01
    -1.66573772e+01 -3.27560463e+01]
   ...
   [ 1.31072078e+05 -1.69195824e+01  1.04857650e+06 ...  6.44896240e+01
     1.46128821e+00 -1.69674721e+01]
   [-1.31072250e+05  2.57067047e+02 -1.03230512e+00 ... -1.65567360e+01
    -1.04857650e+06 -2.56016327e+02]
   [-3.23773613e+01  2.84247696e-01  2.04860986e+03 ...  4.52403498e+00
     1.12804450e-01 -2.62144688e+05]]]


 [[[ 8.19315332e+03  2.69943237e-01 -1.67399502e+01 ... -1.29389250e+00
     1.18432009e+00  3.24600487e+01]
   [-2.84752101e-01 -5.12184082e+02  1.04857650e+06 ...  8.19236230e+03
    -2.62144719e+05  1.63853652e+04]
   [-3.36623840e+01 -8.19255566e+03  5.15141582e+00 ...  5.59456050e-01
     5.24288812e+05 -6.43026352e+01]
   ...
   [ 3.27705195e+04 -5.12044800e+02 -8.19350781e+03 ...  6.55378750e+04
    -2.62145719e+05  2.04843188e+03]
   [-1.15216076e+00  2.04503012e+00  1.31072625e+05 ... -4.88988787e-01
     8.19268262e+03 -3.27682578e+04]
   [-4.93154812e+00  4.06347561e+00 -4.69589770e-01 ... -3.58710504e+00
    -2.04900317e+03  9.02298331e-01]]

  [[ 5.14300171e+02  5.12020569e+02 -2.62144375e+05 ... -1.15102816e+00
     2.22218618e-01 -8.30783939e+00]
   [ 1.94516629e-01  8.19296875e+03  2.76315880e+00 ...  2.56338440e+02
     1.46178353e+00  1.06598270e+00]
   [-8.03340256e-01 -5.24288250e+05 -5.12528198e+02 ... -4.92793053e-01
    -1.02666687e+03  6.48338699e+01]
   ...
   [ 2.04839868e+03 -1.65116806e+01 -8.43358934e-01 ...  1.66956577e+01
    -1.64831276e+01 -8.19210254e+03]
   [ 1.79050136e+00  1.31074125e+05 -3.27693242e+04 ...  4.03448486e+00
    -5.24288312e+05 -9.51508999e-01]
   [-5.12092590e+02  1.20620489e+00 -6.46661453e+01 ...  1.28679153e+02
     5.24289750e+05  1.36979628e+00]]

  [[ 1.07141100e-01  9.82781470e-01  6.55368906e+04 ... -3.83695245e-01
    -3.20794601e+01 -2.90377259e+00]
   [-3.27698789e+04 -1.80934215e+00 -5.24288062e+05 ... -2.19500589e+00
    -6.47235870e+01  4.33620882e+00]
   [ 7.79029369e-01 -8.62368870e+00  6.55366719e+04 ... -2.56602295e+02
     3.17344040e-01 -4.97997642e-01]
   ...
   [ 5.80562711e-01  1.02581299e+03  1.63844355e+04 ...  6.63112411e+01
     1.38759446e+00 -8.19369141e+03]
   [-6.83134496e-02 -1.22150585e-01  2.58408508e+02 ... -5.24955928e-01
    -3.27097588e+01 -1.64784126e+01]
   [ 6.48873749e+01  2.56353607e+02  6.55364062e+04 ...  2.04906177e+03
    -1.14052749e+00 -4.09626416e+03]]

  [[ 1.04857688e+06  2.62145875e+05  1.94579446e+00 ...  1.31073656e+05
    -6.55369219e+04  7.44172454e-01]
   [-6.55366094e+04 -1.04857662e+06 -8.19376562e+03 ... -5.13296692e+02
    -1.63853027e+04  1.02636874e+00]
   [ 2.56608490e+02 -6.47950974e+01 -1.53989053e+00 ...  1.07436848e+00
     3.31803818e+01 -5.24288125e+05]
   ...
   [ 2.04813013e+03 -1.64411402e+00 -3.85710329e-01 ...  5.24288562e+05
     1.17337000e+00  8.19274316e+03]
   [-2.99480468e-01  1.56534135e+00 -2.62144625e+05 ...  6.55378984e+04
    -5.39673030e-01  1.23544157e+00]
   [ 1.50457501e+00  1.04857612e+06  4.89726722e-01 ...  1.63855723e+04
    -1.42411900e+00  1.63847227e+04]]

  [[-6.33273661e-01 -4.55806303e+00 -1.04857600e+06 ...  1.63848887e+04
    -1.28334091e+02 -3.30665092e+01]
   [-6.45761414e+01 -1.63847188e+04  1.60669556e+01 ...  1.70765705e+01
    -5.24288312e+05  1.27518189e+00]
   [ 2.62144594e+05 -8.19358691e+03  7.35724926e-01 ... -3.27709414e+04
     1.04857675e+06  5.24289062e+05]
   ...
   [ 5.51390238e-02 -3.20454979e+01  1.63858730e+04 ... -2.04889014e+03
     2.62144938e+05 -5.12812561e+02]
   [ 1.04857638e+06 -6.55375078e+04  8.19335156e+03 ...  1.65842781e+01
    -8.19231543e+03  2.04948438e+03]
   [-9.48966861e-01 -1.80863023e+00  4.09727832e+03 ... -8.80272675e+00
    -1.31072594e+05 -1.21784997e+00]]]


 [[[ 1.31073016e+05  8.61485004e+00  8.10325980e-01 ...  5.14032349e+02
     8.62674332e+00 -3.31492004e+01]
   [-1.94636738e+00  7.24832594e-01  8.19350293e+03 ...  1.04857688e+06
    -5.54332137e-03 -5.12609924e+02]
   [ 2.04888989e+03  1.54135823e-01 -9.53475952e-01 ... -8.79479790e+00
     3.27684648e+04 -1.46098927e-01]
   ...
   [-4.09611719e+03  5.12552612e+02 -1.28449066e+02 ...  1.19702899e+00
     8.19293262e+03 -4.09634961e+03]
   [ 1.68641300e+01  1.31073484e+05  5.24289188e+05 ...  6.55363516e+04
    -8.88541579e-01 -3.27684453e+04]
   [-1.28629730e+02 -2.04895020e+03 -1.02499963e+03 ...  7.22010732e-01
    -2.62144875e+05  3.53761524e-01]]

  [[-1.65539989e+01 -5.12405090e+02 -1.63863652e+04 ...  5.24289250e+05
    -2.42597485e+00 -1.65419173e+00]
   [ 1.02401953e+03  2.68243241e+00  6.51811829e+01 ... -1.61979752e+01
     1.64606404e+00 -1.33634460e+00]
   [ 9.20538187e-01  3.40814018e+01 -4.09847852e+03 ...  1.87528598e+00
    -8.33856869e+00 -1.02445605e+03]
   ...
   [ 3.21223140e-01 -1.02661255e+03  1.71999618e-01 ...  6.55378125e+04
    -2.62144688e+05 -2.57612823e+02]
   [ 3.23439941e+01  1.12279248e+00 -2.63028765e+00 ... -5.25664568e-01
    -8.19326074e+03  2.70411420e+00]
   [-2.62145156e+05 -1.31073062e+05 -1.16840148e+00 ... -3.20284615e+01
    -1.43316734e+00  2.00725222e+00]]

  [[ 1.94958508e-01  5.55905938e-01  1.08019185e+00 ... -1.66055603e+01
     1.93327451e+00 -4.18495417e-01]
   [ 1.31072453e+05  5.24288438e+05 -8.19307227e+03 ... -6.45935516e+01
    -2.04812207e+03  8.11931610e+00]
   [-2.04950366e+03  1.63850254e+04  4.09673975e+03 ... -4.34269333e+00
    -6.51508865e+01  6.42935181e+01]
   ...
   [-1.29177795e+02  1.73024597e+01 -4.09714648e+03 ... -1.49315155e+00
    -1.31073438e+05 -6.43320465e+01]
   [ 2.62144031e+05  3.70962083e-01 -1.27488866e-01 ...  5.84753394e-01
    -1.02401843e+03 -2.04835864e+03]
   [ 1.31072797e+05 -4.09750586e+03 -5.12060608e+02 ... -1.72850236e-01
    -1.28615417e+02 -1.11811221e+00]]

  [[ 5.12542725e-01 -5.24288812e+05 -6.41114502e+01 ...  1.82032979e+00
     3.27685156e+04  3.25901070e+01]
   [ 1.96815872e+00  1.31073250e+05 -5.24289062e+05 ...  1.63863125e+04
     4.30764055e+00  1.45304561e+00]
   [-2.40119004e+00 -1.51742160e-01  4.09663281e+03 ... -3.27696680e+04
    -1.46081161e+00  1.79168260e+00]
   ...
   [-1.31073406e+05 -5.13927917e+02  5.24288312e+05 ... -7.71921039e-01
    -2.24481654e+00 -1.04857650e+06]
   [ 1.02435779e+03  8.19251758e+03 -4.14320040e+00 ... -1.93892884e+00
    -1.04857662e+06  5.24288125e+05]
   [-1.46593261e+00  2.38255179e-03  7.51056314e-01 ... -5.12897766e+02
     1.29643066e+02  8.25850773e+00]]

  [[-2.04867139e+03 -8.19331152e+03  2.19091088e-01 ...  3.30116987e-01
    -1.17901921e+00 -3.04056972e-01]
   [ 2.20820141e+00  7.33419001e-01  3.27681172e+04 ...  4.39174235e-01
    -1.02515747e+03  3.49632025e-01]
   [ 8.19256934e+03  8.19294727e+03  6.55373516e+04 ...  1.63856465e+04
     5.25889277e-01 -6.44493942e+01]
   ...
   [-6.55364141e+04  1.63851855e+04 -1.58097577e+00 ... -2.26093471e-01
    -1.31073219e+05  8.19355762e+03]
   [-1.61418629e+01  4.55850244e-01 -1.74536762e+01 ... -6.55360312e+04
     5.24289188e+05  1.04857612e+06]
   [ 3.27692461e+04  2.69770343e-02 -2.04825562e+03 ... -4.08780754e-01
     1.28866196e+02 -5.44563867e-02]]]


 [[[-5.13047424e+02 -5.24288312e+05  6.33688152e-01 ...  2.57203613e+02
    -3.27695312e+04 -1.04857662e+06]
   [-1.63684540e+01  3.62163275e-01 -5.12254272e+02 ... -1.07991552e+00
     3.27694336e+04  8.19324707e+03]
   [-5.03974056e+00  2.10734272e+00  1.02505750e+03 ...  8.25615025e+00
    -2.87833738e+00 -4.09735938e+03]
   ...
   [ 3.22843399e+01 -2.04823975e+03 -5.41501641e-01 ...  8.23264503e+00
    -7.22170651e-01  6.22825682e-01]
   [-1.64340477e+01 -1.92517745e+00  1.02620447e+03 ... -9.23390090e-02
    -9.35893250e+00  8.65860641e-01]
   [-1.04857625e+06 -1.50231040e+00 -6.54083610e-01 ...  3.31792412e+01
     2.91296870e-01  1.65226623e-01]]

  [[ 1.49312913e+00 -6.23974681e-01 -1.69754391e+01 ...  3.27693594e+04
     2.88273859e+00  5.14058960e+02]
   [-1.28570389e+02 -3.13397646e-01  2.04843799e+03 ... -1.65868969e+01
     1.55879426e+00  8.19249219e+03]
   [-4.57606316e+00  9.83129978e-01 -1.47282863e+00 ...  6.11095726e-01
    -3.27693828e+04 -1.29304596e+02]
   ...
   [ 1.06091619e+00  7.86302269e-01 -2.57169098e-01 ... -8.61665726e-01
     5.24288875e+05  2.71664500e-01]
   [-1.04857612e+06 -1.70376701e+01 -1.51112556e-01 ... -1.02656055e+03
     8.19288477e+03 -5.24288188e+05]
   [ 4.05688137e-01  2.51115859e-02 -5.12815857e+02 ... -1.04857625e+06
    -1.22051620e+00 -5.33009052e-01]]

  [[ 5.13946106e+02 -1.02421484e+03  2.62146156e+05 ...  5.13974548e+02
     1.74801369e+01  1.39268339e+00]
   [ 8.01373899e-01 -6.50945842e-01 -3.73306632e-01 ...  2.04832959e+03
    -2.57623535e+02 -3.27691094e+04]
   [ 2.09392712e-01 -1.54295951e-01  1.67994010e+00 ...  3.25189400e+01
     1.02488000e+03  1.98307312e+00]
   ...
   [ 8.03361702e+00 -1.31073266e+05 -5.24288938e+05 ...  6.41977921e+01
     4.09629150e+03  1.02586890e+03]
   [ 6.17109358e-01 -1.74881248e+01 -6.55035934e+01 ... -5.24288062e+05
     1.29194763e+02  1.63844238e+04]
   [ 5.12386230e+02  2.62144875e+05  2.02308702e+00 ...  1.42076567e-01
     1.31072516e+05  8.63288403e+00]]

  [[ 4.09668799e+03  6.55373516e+04  3.79974067e-01 ...  4.68655062e+00
     9.21059668e-01 -4.09608252e+03]
   [ 2.56410736e+02  1.36293316e+00  2.23496819e+00 ... -4.99347389e-01
     8.19338672e+03  6.55363125e+04]
   [-1.28102432e+02  5.12612976e+02  1.26142442e+00 ...  5.13154541e+02
    -5.95888257e-01 -5.13315735e+02]
   ...
   [ 1.31072250e+05 -8.19323926e+03  2.41333500e-01 ...  3.58676434e-01
    -1.72404385e+00  7.65442610e-01]
   [-2.02790752e-01  9.28143978e+00 -2.04810938e+03 ... -4.39366162e-01
    -2.56279144e+02 -1.31073406e+05]
   [ 2.04910083e+03  1.56010136e-01 -1.02451489e+03 ... -3.43413740e-01
    -8.69916725e+00  3.72544199e-01]]

  [[-3.74378413e-01 -6.42464752e+01 -1.14041674e+00 ... -3.27704141e+04
    -2.04982251e+03  3.43882531e-01]
   [-9.53876436e-01 -2.57874725e+02 -3.26739960e+01 ...  2.48713896e-01
    -1.04857725e+06 -1.62638912e+01]
   [-5.24288812e+05  1.68036957e+01 -3.34363043e-01 ...  9.82586384e-01
    -1.09034993e-01 -8.19220312e+03]
   ...
   [-1.31072875e+05  1.64474277e+01 -1.31072375e+05 ...  2.04933057e+03
    -2.58032288e+02 -1.63845117e+04]
   [ 1.63849531e+04  3.30313644e+01 -1.73216610e+01 ...  5.85725546e+00
    -1.81864083e-01 -1.65115967e+01]
   [ 2.56222748e+02 -6.54820502e-01 -7.21230626e-01 ... -2.03218460e+00
     1.40740800e+00  1.07193041e+00]]]


 [[[-1.04857625e+06 -1.28642670e+02 -1.51364625e+00 ...  1.25806883e-01
    -6.59661636e+01 -1.31072188e+05]
   [ 1.63845215e+04  1.28822906e+02  2.04956274e+03 ...  5.63578531e-02
     1.16042519e+00  1.62150440e+01]
   [ 1.04857650e+06  8.38904953e+00 -6.43596649e+01 ... -4.05241936e-01
     1.31072281e+05 -2.22822475e+00]
   ...
   [-1.31073328e+05 -1.12107062e+00  2.62144875e+05 ... -1.63842969e+04
     1.33300436e+00  6.51736832e+01]
   [-3.47106010e-01 -1.02451050e+03 -1.28786362e+02 ... -1.61721373e+00
    -1.76288071e+01  2.04429483e+00]
   [-3.86928737e-01  6.19299793e+00 -6.46596611e-01 ... -8.32669139e-01
    -2.42998338e+00 -1.63843535e+04]]

  [[-8.19286523e+03  2.04848242e+03 -8.19271973e+03 ... -8.19251758e+03
     2.56806519e+02  9.12685585e+00]
   [-5.24288500e+05  4.09687500e+03  6.69411778e-01 ... -1.63845820e+04
     1.04857638e+06 -4.09646338e+03]
   [ 1.09142900e-01  3.60910654e-01  1.58760309e-01 ... -1.02485632e+03
    -2.14021757e-01 -3.35523307e-01]
   ...
   [ 2.04801978e+03  1.74752026e+01  4.84286696e-01 ...  3.30127602e+01
     1.02416345e+03  2.81390786e-01]
   [-9.50846863e+00  5.12129639e+02  1.66521854e+01 ... -5.59742868e-01
     8.42380428e+00  6.55360703e+04]
   [ 3.17775220e-01 -4.09703955e+03  6.41997337e-01 ... -1.11428760e-02
     8.71972889e-02  2.02562213e+00]]

  [[ 1.63846992e+04 -4.92563820e+00 -9.48174596e-02 ...  6.23042488e+00
     1.02548683e+00 -1.03824949e+00]
   [ 4.19210243e+00  1.53313947e+00 -1.93586540e+00 ... -5.24288250e+05
     5.24289312e+05  4.11368012e-01]
   [ 1.02465698e+03  3.22469997e+00  2.19876242e+00 ...  9.80708480e-01
    -1.04857688e+06  2.01802349e+00]
   ...
   [ 6.86109900e-01 -7.91378558e-01  1.02482947e+03 ...  1.02079034e+00
     8.19335840e+03  5.12791931e+02]
   [ 6.01970196e-01  2.56126892e+02  1.65603466e+01 ... -1.64885197e+01
    -3.42379242e-01 -9.04885828e-01]
   [ 2.62144406e+05  2.04957642e+03  1.86113453e+00 ...  2.62145469e+05
    -2.56016022e+02 -2.04961646e+03]]

  [[-6.55383203e+04 -2.62144781e+05  5.12758972e+02 ... -9.68418598e-01
    -2.55926639e-01 -1.95951509e+00]
   [-1.02633386e+03  4.25402737e+00 -7.97895014e-01 ... -2.04819360e+03
     2.47524667e+00  2.57271393e+02]
   [ 1.28262866e+00  2.04824683e+03 -1.63842227e+04 ...  2.46469110e-01
     2.56645538e+02  2.14205313e+00]
   ...
   [-1.63845293e+04 -4.09660059e+03 -7.23119497e-01 ...  4.33127260e+00
    -6.42136002e+01 -2.86502790e+00]
   [-7.22621083e-01  2.56405853e+02 -2.04855737e+03 ... -7.26481020e-01
    -4.97224748e-01  1.63857207e+04]
   [ 1.58565688e+00  5.24288562e+05 -2.04821362e+03 ...  1.18654042e-01
     4.09649512e+03  2.62144812e+05]]

  [[ 2.04899292e+03  5.24288188e+05  1.55215991e+00 ...  1.69374790e+01
     8.56863379e-01 -1.09350920e+00]
   [ 2.62145281e+05 -1.31072000e+05  2.62144188e+05 ... -3.53783518e-01
    -3.27689062e+04  1.07038939e+00]
   [-1.31646287e+00 -5.13157410e+02  1.13418376e+00 ...  1.41076708e+00
     1.04857688e+06 -2.56358704e+02]
   ...
   [-3.20125694e+01 -1.36870360e+00 -4.26439531e-02 ... -2.56115723e+02
     5.13095337e+02 -2.44813591e-01]
   [-1.05926120e+00  1.76456511e-01  6.55362734e+04 ...  2.04875146e+03
    -1.04857712e+06 -2.56476013e+02]
   [-2.44999677e-01 -6.91714704e-01  5.34376001e+00 ... -6.02870584e-01
    -4.92902100e-01  8.46562803e-01]]]]
	OpName : Ops.IDENTITY
	Original : [[[[ 1.49893844e+00 -5.17849803e-01  3.72260779e-01 ...  7.60758460e-01
     5.71897507e-01  6.80695534e-01]
   [ 3.69923145e-01  9.39648300e-02  8.65950510e-02 ... -6.87279105e-01
     1.91478753e+00 -5.08496642e-01]
   [-9.40854132e-01 -4.98737454e-01  1.97973537e+00 ...  7.81470239e-01
     5.59785903e-01  6.68483317e-01]
   ...
   [ 1.47401237e+00 -8.07524025e-01  1.12107396e+00 ... -1.34628415e+00
     3.30120534e-01 -1.86992788e+00]
   [ 1.22931135e+00  1.68146574e+00  1.68950105e+00 ... -1.67788342e-01
     1.79543531e+00 -2.63841867e-01]
   [-9.87628281e-01  2.89791912e-01 -1.06498337e+00 ...  4.89786237e-01
     9.84721661e-01  3.77319038e-01]]

  [[-2.08816260e-01 -3.73014748e-01 -2.70141382e-03 ...  1.03540981e+00
     1.87648213e+00  9.10115480e-01]
   [-7.71538198e-01 -1.06391394e+00  1.05499089e+00 ... -5.87148428e-01
     3.11215162e+00  6.46896839e-01]
   [-1.29500657e-01 -9.97361958e-01 -1.64121175e+00 ...  1.62380636e-01
    -1.06217049e-01 -6.41597986e-01]
   ...
   [-1.76821375e+00  4.25436229e-01 -1.09211206e+00 ...  7.32183516e-01
    -2.35841766e-01 -3.82291645e-01]
   [-6.39382958e-01 -1.59523582e+00  4.54699785e-01 ... -4.82477099e-01
    -6.45654392e-04  1.18979573e+00]
   [-1.86793402e-01 -8.21926653e-01 -2.35050991e-01 ...  2.32378185e-01
     5.94585478e-01 -8.26364383e-02]]

  [[-2.57492036e-01  6.06829040e-02 -4.41509038e-02 ... -2.95845717e-01
     9.82502580e-01  9.27959457e-02]
   [ 8.64663720e-02 -9.41700861e-02 -1.05871832e+00 ...  1.99610233e+00
    -1.91974774e-01  1.67707002e+00]
   [-1.61007607e+00  9.04096782e-01  2.52938241e-01 ... -2.66832501e-01
    -1.03651905e+00 -2.02963638e+00]
   ...
   [ 8.07353914e-01  6.43319845e-01 -1.60113239e+00 ...  4.74204779e-01
     1.20372966e-01  7.24980235e-01]
   [-7.69009709e-01 -1.09185614e-01 -6.50030449e-02 ...  8.49428952e-01
     1.58330905e+00 -3.44214320e-01]
   [-9.11450922e-01 -1.40445960e+00 -1.27582937e-01 ...  2.62375712e-01
     5.41073799e-01  7.56579340e-01]]

  [[ 1.12500679e+00  3.85769397e-01 -4.35416192e-01 ...  1.25877142e+00
     2.36314580e-01  8.53544116e-01]
   [ 7.44109035e-01 -4.19454008e-01  1.09732889e-01 ... -1.50089219e-01
    -1.82834339e+00  1.21744119e-01]
   [-6.20378971e-01 -2.78401136e-01 -4.08220381e-01 ... -3.12471485e+00
    -6.41901553e-01  8.42066944e-01]
   ...
   [ 9.70361173e-01 -2.90699929e-01 -8.96559834e-01 ...  9.13042784e-01
     2.69962177e-02  3.42438608e-01]
   [ 1.04149008e+00 -1.74867833e+00  4.49316055e-01 ...  3.88976455e-01
    -1.27947998e+00 -6.55773997e-01]
   [-1.37417960e+00  8.69620323e-01  1.39736190e-01 ...  3.52418154e-01
     4.73198175e-01 -1.92964032e-01]]

  [[ 7.02557862e-01 -2.99956262e-01  7.96473324e-01 ...  1.30924070e+00
     2.58334684e+00  8.71663213e-01]
   [ 1.19862509e+00  1.20039487e+00  2.43174732e-01 ... -1.59509444e+00
    -5.45680583e-01 -9.89790142e-01]
   [ 7.51777172e-01 -1.09424245e+00  7.96186775e-02 ...  7.71334827e-01
    -6.57378078e-01 -7.56045103e-01]
   ...
   [ 7.37217292e-02 -9.19582248e-01  5.11791945e-01 ...  4.89626944e-01
     1.44566321e+00 -9.67472553e-01]
   [-2.51145393e-01  1.06703889e+00 -1.03621137e+00 ... -5.56735396e-01
    -5.52466094e-01 -1.63381454e-02]
   [-3.77359569e-01  2.52997696e-01  6.09793723e-01 ...  5.24035156e-01
     1.20616950e-01 -6.75725996e-01]]]


 [[[ 1.15376449e+00  3.32443237e-01 -7.39950180e-01 ... -1.28608000e+00
     1.16869509e+00  4.60048437e-01]
   [-2.88658351e-01 -1.84068888e-01  4.82886374e-01 ...  3.61969590e-01
    -7.23512352e-01  1.36609781e+00]
   [-1.66238403e+00 -5.55294394e-01  1.15141571e+00 ...  5.94560653e-02
     8.22742999e-01 -3.02631438e-01]
   ...
   [ 2.51759958e+00 -4.47747782e-02 -1.50765038e+00 ...  1.87223637e+00
    -1.71582615e+00  4.32001740e-01]
   [-1.13653576e+00  2.01378012e+00  6.22880518e-01 ... -4.73363787e-01
     6.82259679e-01 -2.59261340e-01]
   [-9.31547880e-01  6.34755269e-02 -4.71542895e-01 ... -1.58710504e+00
    -1.00326908e+00  8.86673331e-01]]

  [[ 2.30019689e+00  2.05542445e-02 -3.67905825e-01 ... -1.02602816e+00
     2.20265493e-01 -3.07839692e-01]
   [ 1.90610379e-01  9.68683064e-01  7.63158858e-01 ...  3.38427782e-01
     1.33678353e+00  1.06988895e+00]
   [-8.11152756e-01 -2.45291784e-01 -5.28199852e-01 ... -4.84980553e-01
    -2.66693091e+00  8.33869576e-01]
   ...
   [ 3.98650765e-01 -5.11680126e-01 -5.93358934e-01 ...  6.95656896e-01
    -4.83127803e-01 -1.02593862e-01]
   [ 1.29050136e+00  2.11946368e+00 -1.32600152e+00 ...  3.44847068e-02
    -3.38881820e-01 -9.82758999e-01]
   [-9.25661549e-02  1.21401739e+00 -6.66148067e-01 ...  6.79155588e-01
     1.76390231e+00  3.69796306e-01]]

  [[ 7.58910999e-02  7.32781470e-01  8.88274789e-01 ... -3.84671807e-01
    -7.94607848e-02 -2.77877259e+00]
   [-1.87750554e+00 -8.09342146e-01 -4.54245210e-02 ... -2.07000589e+00
    -7.23588705e-01  3.36208791e-01]
   [ 8.10279369e-01 -6.23688519e-01  6.74486756e-01 ... -6.02299809e-01
     4.42344040e-01 -1.49799764e+00]
   ...
   [ 5.88375211e-01  1.81296432e+00  4.35757369e-01 ...  2.31123829e+00
     1.41884446e+00 -1.69163001e+00]
   [-1.93313450e-01 -1.06525585e-01  2.40851641e+00 ... -5.87455928e-01
    -7.09757745e-01 -4.78411704e-01]
   [ 8.87373209e-01  3.53619665e-01  4.04139847e-01 ...  1.06180859e+00
    -1.13955092e+00 -2.63984859e-01]]

  [[ 8.46984029e-01  1.87383890e+00  9.45794463e-01 ...  1.66020203e+00
    -9.21296597e-01  7.45149016e-01]
   [-6.09365344e-01 -6.36365473e-01 -1.76595020e+00 ... -1.29667759e+00
    -1.30197895e+00  1.08886874e+00]
   [ 6.08481467e-01 -7.95093715e-01 -1.50864053e+00 ...  1.07632160e+00
     1.18038273e+00 -9.94029045e-02]
   ...
   [ 1.30016282e-01 -6.44114077e-01 -3.77897829e-01 ...  5.70537150e-01
     1.18118250e+00  7.43372738e-01]
   [-2.97527343e-01  1.58096635e+00 -6.23469830e-01 ...  1.90194070e+00
    -5.31860530e-01  1.11044157e+00]
   [ 1.50555158e+00  1.61100030e-01  4.88750160e-01 ...  1.57323825e+00
    -1.42509556e+00  7.22025216e-01]]

  [[-6.95773661e-01 -5.58062851e-01 -3.57343368e-02 ...  8.88311744e-01
    -3.34095985e-01 -1.06651092e+00]
   [-5.76144636e-01 -7.17882633e-01  6.69547021e-02 ...  1.07657063e+00
    -3.00950706e-01  1.27908814e+00]
   [ 5.94303250e-01 -1.58729744e+00  6.73224926e-01 ... -2.94202328e+00
     7.73488283e-01  1.04580736e+00]
   ...
   [ 5.70921488e-02 -4.54962403e-02  1.87330067e+00 ... -8.90072465e-01
     9.26841617e-01 -8.12585711e-01]
   [ 4.03713912e-01 -1.50558472e+00  1.35151589e+00 ...  5.84277153e-01
    -3.15792441e-01  1.48427844e+00]
   [-4.48966831e-01 -1.55863023e+00  1.27841246e+00 ... -8.02726269e-01
    -6.00923896e-01 -1.24909997e+00]]]


 [[[ 1.02230275e+00  6.14849806e-01  3.10325980e-01 ...  2.03234148e+00
     6.26743495e-01 -1.14920175e+00]
   [-1.97761738e+00  7.32645094e-01  1.50337458e+00 ...  8.52031350e-01
    -2.55543321e-01 -6.09948397e-01]
   [ 8.89946997e-01  2.16635823e-01 -9.61288452e-01 ... -7.94797719e-01
     4.65490729e-01 -1.53911427e-01]
   ...
   [-1.17100164e-01  5.52586436e-01 -4.49066281e-01 ...  1.20093524e+00
     9.32519495e-01 -3.49526823e-01]
   [ 8.64130378e-01  1.48326302e+00  1.18926871e+00 ...  3.53005171e-01
    -8.87565017e-01 -4.43543881e-01]
   [-6.29725516e-01 -9.50273633e-01 -9.99584794e-01 ...  6.90760732e-01
    -8.76591682e-01  3.69386524e-01]]

  [[-5.53998172e-01 -4.05114770e-01 -2.36542869e+00 ...  1.25340557e+00
    -4.25974905e-01 -6.54191673e-01]
   [ 1.95040014e-02  2.18243241e+00  1.18118191e+00 ... -1.97974339e-01
     1.52106404e+00 -1.27384460e+00]
   [ 9.16631937e-01  2.08140063e+00 -2.47865701e+00 ...  1.89091098e+00
    -3.38568896e-01 -4.56028283e-01]
   ...
   [ 3.22199702e-01 -2.61260104e+00  1.72976181e-01 ...  1.81528556e+00
    -6.81593120e-01 -1.61282730e+00]
   [ 3.43995035e-01  1.09154248e+00 -2.50528765e+00 ... -5.23711443e-01
    -1.26114774e+00  7.04114258e-01]
   [-1.16124940e+00 -1.06231534e+00 -1.17035460e+00 ... -2.84597818e-02
    -1.49566734e+00  7.25225173e-03]]

  [[ 2.10583508e-01  1.55590594e+00  1.06456685e+00 ... -6.05561018e-01
     9.33274567e-01 -3.87245417e-01]
   [ 4.46560144e-01  4.25346017e-01 -1.07228124e+00 ... -5.93552053e-01
    -1.22073650e-01  1.19315974e-01]
   [-1.50358665e+00  1.02548158e+00  7.39648581e-01 ... -3.42693418e-01
    -1.15088439e+00  2.93516159e-01]
   ...
   [-1.17778945e+00  1.30245996e+00 -1.14654636e+00 ... -1.43065155e+00
    -1.43006241e+00 -3.32044035e-01]
   [ 4.34231572e-02  8.70962083e-01 -2.48887087e-03 ...  5.22253394e-01
    -1.84543747e-02 -3.58627915e-01]
   [ 7.90895462e-01 -1.50566936e+00 -6.06007800e-02 ... -1.41600236e-01
    -6.15411341e-01 -1.05561221e+00]]

  [[ 7.62542725e-01 -8.10668051e-01 -1.11453310e-01 ...  1.81251729e+00
     5.14187634e-01  5.90106845e-01]
   [ 9.68158722e-01  1.25115073e+00 -1.09074795e+00 ...  2.31277180e+00
     3.07640344e-01  1.45206904e+00]
   [-4.01190042e-01 -6.51742160e-01  6.33033693e-01 ... -1.66646552e+00
    -1.49206161e+00  1.54168260e+00]
   ...
   [-1.40772569e+00 -1.92794156e+00  3.00922602e-01 ... -7.79733539e-01
    -2.44816616e-01 -5.02690017e-01]
   [ 3.57798427e-01  5.17229795e-01 -1.43200427e-01 ... -1.81392884e+00
    -6.57421052e-01  9.94130746e-02]
   [-1.45812011e+00  3.35911429e-03  7.53009439e-01 ... -8.97753775e-01
     1.64307320e+00  2.58507311e-01]]

  [[-6.71375751e-01 -1.31142485e+00  2.22997338e-01 ...  3.34023237e-01
    -1.17511296e+00 -2.88431972e-01]
   [ 2.20429516e+00  6.70919001e-01  1.19075976e-01 ...  9.39174235e-01
    -1.15749729e+00  1.34963202e+00]
   [ 5.69089234e-01  9.47256804e-01  1.35071433e+00 ...  1.64582527e+00
     5.18076777e-01 -4.49395806e-01]
   ...
   [-4.12178099e-01  1.18465924e+00 -1.57902265e+00 ... -1.63593471e-01
    -1.22236395e+00  1.55797577e+00]
   [-1.41863689e-01  2.05850244e-01 -1.45367599e+00 ... -3.04271914e-02
     1.17250955e+00  9.10855308e-02]
   [ 1.24538958e+00  3.08832843e-02 -2.55658269e-01 ... -1.58780754e-01
     8.66190493e-01 -5.05501367e-02]]]


 [[[-1.04741049e+00 -3.21825683e-01  6.25875652e-01 ...  1.20360541e+00
    -1.52995837e+00 -6.13085628e-01]
   [-3.68454069e-01  2.99663275e-01 -2.54244477e-01 ... -1.01741552e+00
     1.43186212e+00  1.24751484e+00]
   [-1.03974044e+00  1.07342653e-01  1.05747497e+00 ...  2.56150663e-01
    -2.37833738e+00 -1.35959733e+00]
   ...
   [ 2.84338802e-01 -2.39714563e-01 -5.45407891e-01 ...  2.32644707e-01
    -6.59670651e-01  6.07200682e-01]
   [-4.34047967e-01 -1.92322433e+00  2.20446563e+00 ... -8.84327590e-02
    -1.35893202e+00  3.65860641e-01]
   [-2.59207040e-01 -1.56481040e+00 -6.85333610e-01 ...  1.17923975e+00
     2.60046870e-01  1.67179748e-01]]

  [[ 4.93129134e-01 -5.92724681e-01 -9.75438416e-01 ...  1.35824299e+00
     2.75773859e+00  2.05893207e+00]
   [-5.70387721e-01 -3.15350771e-01  4.38036919e-01 ... -5.86896420e-01
     1.52754426e+00  4.91756976e-01]
   [-5.76063275e-01  7.33129978e-01 -1.47478175e+00 ...  1.11095741e-01
    -1.38212061e+00 -1.30459809e+00]
   ...
   [ 1.02966619e+00  9.11302269e-01 -2.56192535e-01 ... -3.61665726e-01
     8.99429023e-01  7.71664500e-01]
   [-9.32719857e-02 -1.03766954e+00 -4.01112556e-01 ... -2.56059694e+00
     8.85100186e-01 -1.70487404e-01]
   [ 4.68188137e-01  2.75111586e-01 -8.15831661e-01 ... -2.60151029e-01
    -1.22832870e+00 -5.40821552e-01]]

  [[ 1.94611812e+00 -2.14785248e-01  2.16515636e+00 ...  1.97453773e+00
     1.48013604e+00  1.40049589e+00]
   [ 5.51373899e-01 -6.51922405e-01 -3.42056632e-01 ...  3.29705983e-01
    -1.62354231e+00 -1.10926700e+00]
   [ 2.07439587e-01 -1.85545951e-01  1.68189323e+00 ...  5.18941820e-01
     8.80015850e-01  1.48307312e+00]
   ...
   [ 3.36172692e-02 -1.26325488e+00 -9.41925883e-01 ...  1.97792143e-01
     2.91549444e-01  1.86884141e+00]
   [ 6.15156233e-01 -1.48812509e+00 -1.50359273e+00 ... -3.98615636e-02
     1.19476855e+00  4.24204201e-01]
   [ 3.86237234e-01  8.81077051e-01  2.30869837e-02 ...  1.41100004e-01
     5.22478461e-01  6.32883906e-01]]

  [[ 6.87968433e-01  1.35090137e+00  4.42474067e-01 ...  6.86550796e-01
     9.36684668e-01 -8.24575350e-02]
   [ 4.10749048e-01  3.62933099e-01  2.17246819e+00 ... -4.68097389e-01
     1.38666236e+00  3.14631522e-01]
   [-1.02429613e-01  6.12948656e-01  1.29267442e+00 ...  1.15454888e+00
    -9.58882496e-02 -1.31573880e+00]
   ...
   [ 2.51360595e-01 -1.23928857e+00  2.49146000e-01 ...  3.50863934e-01
    -1.22404385e+00  5.15442610e-01]
   [-2.00837627e-01  1.28144002e+00 -1.09453306e-01 ... -1.89366147e-01
    -2.79135704e-01 -1.41089499e+00]
   [ 1.10072243e+00  1.54057011e-01 -5.14935970e-01 ... -3.74663740e-01
    -6.99167550e-01  1.22544192e-01]]

  [[-3.11878413e-01 -2.46478021e-01 -1.01541674e+00 ... -2.41234207e+00
    -1.82256281e+00  4.68882531e-01]
   [-9.85126436e-01 -1.87473238e+00 -6.73997402e-01 ...  2.33088896e-01
    -1.21861005e+00 -2.63891220e-01]
   [-8.21975410e-01  8.03696513e-01 -8.43630582e-02 ...  9.98211384e-01
    -1.07081868e-01 -2.03524083e-01]
   ...
   [-8.68272603e-01  4.47427928e-01 -3.80151361e-01 ...  1.33059883e+00
    -2.03228450e+00 -5.11070371e-01]
   [ 9.52329755e-01  1.03136313e+00 -1.32166123e+00 ...  1.85725558e+00
    -4.31864083e-01 -5.11597455e-01]
   [ 2.22735554e-01 -7.17320502e-01 -6.58730626e-01 ... -3.21845897e-02
     1.41522050e+00  1.57193041e+00]]]


 [[[-3.05968046e-01 -6.42664611e-01 -1.50583375e+00 ...  1.26783445e-01
    -1.96616566e+00 -1.82773948e-01]
   [ 5.21611094e-01  8.22899878e-01  1.56263757e+00 ...  5.53812906e-02
     1.16237831e+00  2.15044752e-01]
   [ 5.17414510e-01  3.89049560e-01 -3.59668255e-01 ... -4.01335686e-01
     2.79934227e-01 -2.28224859e-01]
   ...
   [-1.32955885e+00 -1.11325812e+00  8.61220419e-01 ... -2.96989471e-01
     1.36425436e+00  1.17368388e+00]
   [-9.71060172e-02 -5.10501146e-01 -7.86361694e-01 ... -1.61819029e+00
    -1.62880623e+00  4.42948751e-02]
   [-1.36928722e-01  2.19299769e+00 -8.96596611e-01 ... -5.82669139e-01
    -4.29983437e-01 -3.53641421e-01]]

  [[-8.65662932e-01  4.82525438e-01 -7.19926655e-01 ... -5.17822683e-01
     8.06512833e-01  1.12685597e+00]
   [-4.99618322e-01  8.74802887e-01  6.85036778e-01 ... -5.81758320e-01
     3.43626320e-01 -4.63521361e-01]
   [ 1.10914290e+00  8.60910654e-01  3.37603167e-02 ... -8.56286764e-01
    -2.12068632e-01 -3.31617057e-01]
   ...
   [ 1.98520366e-02  1.47520328e+00  4.53036696e-01 ...  1.01275873e+00
     1.63492694e-01  2.82367349e-01]
   [-1.50846839e+00  1.29618093e-01  6.52186215e-01 ... -5.28492868e-01
     4.23803836e-01  6.87542483e-02]
   [ 6.77752122e-02 -1.03977013e+00  6.45903587e-01 ... -2.67678760e-02
     2.12197289e-01  2.01780963e+00]]

  [[ 6.99425340e-01 -9.25638080e-01 -9.67705846e-02 ...  2.23042464e+00
     1.08798683e+00 -1.10074949e+00]
   [ 1.92102328e-01  1.59563947e+00 -1.43586540e+00 ... -2.44500145e-01
     1.29746783e+00  2.86368012e-01]
   [ 6.57012045e-01  1.22469985e+00  1.98762342e-01 ...  7.30708480e-01
    -8.23214829e-01  1.80233922e-02]
   ...
   [ 6.54859900e-01 -8.07003558e-01  8.29415143e-01 ...  1.02860284e+00
     1.35832429e+00  7.91931152e-01]
   [ 6.05876446e-01  1.26904339e-01  5.60347319e-01 ... -4.88519996e-01
    -3.40426117e-01 -9.67385828e-01]
   [ 3.94761741e-01  1.57651210e+00  8.61134589e-01 ...  1.45835876e+00
    -1.60125215e-02 -1.61634052e+00]]

  [[-2.32420278e+00 -7.86337674e-01  7.58968830e-01 ... -9.52793598e-01
    -2.71551639e-01 -9.59515154e-01]
   [-2.33384323e+00  2.54027396e-01 -8.05707514e-01 ... -1.93591192e-01
     2.44399667e+00  1.27139580e+00]
   [ 1.28458178e+00  2.46859521e-01 -2.23355800e-01 ...  2.48422235e-01
     6.45526052e-01  1.42053232e-01]
   ...
   [-5.28509974e-01 -6.00565493e-01 -7.25072622e-01 ...  3.31272811e-01
    -2.13596761e-01 -2.86698103e+00]
   [-7.38246083e-01  4.05846775e-01 -5.57424545e-01 ... -7.34293520e-01
    -4.34724748e-01  1.72164476e+00]
   [ 1.08565688e+00  5.62968671e-01 -2.13544250e-01 ...  5.61540462e-02
     4.94912595e-01  8.13610077e-01]]

  [[ 9.92836416e-01  1.95914909e-01  1.61465991e+00 ...  9.37479079e-01
     8.55886817e-01 -1.34350920e+00]
   [ 1.29553032e+00 -4.99230577e-03  2.01396540e-01 ... -2.91283518e-01
    -9.07015383e-01  7.03894272e-02]
   [-1.81646287e+00 -1.15739179e+00  1.16543376e+00 ...  1.41857958e+00
     8.86961699e-01 -3.58707130e-01]
   ...
   [-1.25679569e-02 -1.33745360e+00 -5.82689531e-02 ... -1.15722418e-01
     1.09535527e+00 -1.19813584e-01]
   [-1.05535495e+00  4.26456511e-01  2.77024209e-01 ...  7.51362026e-01
    -1.14115834e+00 -4.76020545e-01]
   [-1.19999684e-01 -9.41714704e-01  1.34376013e+00 ... -6.02870584e-01
    -4.92902100e-01  8.46562803e-01]]]]
	Time : 0:00:08.036750
 }
