Starting log at 2022-04-22 17:46:18.670454

{
	Count : 14
	Injected : [  16391   32770   65537   65536       0  524289  524292       8      69
       1       8  262150    2057       4     129      37       8      15
     515       5 1048585      22    8198   16389   65540      32      23
    1028     128       0      35      33     259       0       5   32770
    1031 1048577 1048578    2049       0       3     260     130    2051
   65541     513     514    1028  262148  262150    2051    2053       4
 1048582    8192    4100  131073   65545    2053 1048583      12       1
   65539    8199      20 1048582       0     259       1    4103    4096
      10    8201  262145     135       7   16386  524297  524295  524295
    2054      10  131079    4104       0    4103  131075   16390    4097
    2051       7    8201       2   16385    2052    4097      39     518
 1048585  262150     256   32773     260      13  131081 1048578  262145
      11       0    8200      23  131075  524297       3      12  262148
    2052      41       0     133    1028   16391     134   65543    1033
  524288    8197  524296 1048581      22      14    8197    1031     136
     129   65536  131073       4      36  262150     135  524291      33
      71    1025   32776   65538   16384  131074    1033  262153      21
    2053   16385    2053       4       8  131075   65540       0 1048582
     261      68     262  262149   16388      69   65537  262148      20
  524295      10   32771    2050      15   16385      72    1025   65544
  262145  524296      37      64      12  524297   16386    1029       2
     129     257  131073       1 1048585 1048576    2051   32769    2054
     260     514    1027       2      65  524289 1048577  524291      13
     517      66     521       6      37  262153     515     521     512
    4099      22   65541    1029 1048583   65538  524290      23  524289
       3      10     260  262145  524295  262147   32771  524296       0
   65543       8     258     258       5      33  131077  262153       0
  524295    1026  131075       0       4       4       2       4       1
       9       5       7       7]
	OpName : Ops.ARGMAX
	Original : [7 2 1 0 4 1 4 9 5 9 0 6 9 0 1 5 9 7 3 4 9 6 6 5 4 0 7 4 0 1 3 1 3 4 7 2 7
 1 2 1 1 7 4 2 3 5 1 2 4 4 6 3 5 5 6 0 4 1 9 5 7 8 9 3 7 4 6 4 3 0 7 0 2 9
 1 7 3 2 9 7 7 6 2 7 8 4 7 3 6 1 3 6 9 3 1 4 1 7 6 9 6 0 5 4 9 9 2 1 9 4 8
 7 3 9 7 4 4 4 9 2 5 4 7 6 7 9 0 5 8 5 6 6 5 7 8 1 0 1 6 4 6 7 3 1 7 1 8 2
 0 2 9 9 5 5 1 5 6 0 3 4 4 6 5 4 6 5 4 5 1 4 4 7 2 3 2 7 1 8 1 8 1 8 5 0 8
 9 2 5 0 1 1 1 0 9 0 3 1 6 4 2 3 6 1 1 1 3 9 5 2 9 4 5 9 3 9 0 3 6 5 5 7 2
 2 7 1 2 8 4 1 7 3 3 8 8 7 9 2 2 4 1 5 9 8 7 2 3 0 4 4 2 4 1 9 5 7 7]
	Time : 0:00:00.018814
 }
{
	Count : 18
	Injected : 1.0
	OpName : Ops.SUB
	Original : 1.0
	Time : 0:00:00.022813
 }
{
	Count : 19
	Injected : 1.0
	OpName : Ops.SUB
	Original : 1.0
	Time : 0:00:00.023312
 }
{
	Count : 20
	Injected : 1.0
	OpName : Ops.SUB
	Original : 1.0
	Time : 0:00:00.023741
 }
{
	Count : 21
	Injected : [ 2.1583098e-01  5.2428825e+05  3.3712963e+01 -1.0485761e+06
  4.0961772e+03 -2.0481409e+03 -2.3862553e-01  1.0245879e+03
  2.0269731e-01 -5.1310938e+02 -2.0481179e+03 -1.6384023e+04
 -8.2583749e-01 -6.5536391e+04 -4.0967227e+03 -1.6345106e+01
 -9.4034672e+00 -8.1931074e+03 -1.0248550e+00  3.2768445e+04
  1.0260742e+01 -1.6900417e+01  9.2238836e+00 -9.9478531e+00
  2.5009587e-01  8.8951015e+00 -1.6280575e+01  6.5536969e+04
 -1.0485771e+06  4.2442477e-01  2.5036261e+00  2.5773434e+02
 -9.3991172e-01 -6.9897509e-01  6.5536141e+04 -4.0002112e+00
  2.4410472e+00 -2.2119546e+00 -1.3107219e+05  8.3724623e+00
  1.2832468e+02 -5.2428850e+05  9.6495408e-01 -6.5621030e-01
 -8.1930137e+03  1.6384990e+04 -3.3101933e+01  1.5338660e+00
 -1.2471670e-01 -8.7044487e+00 -1.2120857e+00  3.1701043e-01
  4.0974531e+03  6.4908119e+01 -1.0465539e+00 -6.1590385e-01
 -2.3979737e-01  2.1861389e-01 -1.0164865e+00 -1.3785157e+00
 -4.1553941e-01 -2.3651196e-01 -1.4525164e+00  2.9473650e-01]
	OpName : Ops.IDENTITY
	Original : [ 7.1583098e-01  2.3823565e-01  1.7129648e+00 -8.3291776e-02
  1.7745189e-01 -1.4098510e-01 -4.8862553e-01  5.8786607e-01
  1.9488481e-01 -1.1093930e+00 -1.1802911e-01 -2.2687992e-02
 -8.4146249e-01 -3.9437973e-01 -7.2262281e-01 -3.4510663e-01
 -1.4034677e+00 -1.1078134e+00 -1.0268081e+00  4.4493216e-01
  2.2607424e+00 -9.0041685e-01  1.2238837e+00 -1.9478528e+00
  9.5882686e-05  8.9510137e-01 -2.8057417e-01  9.7253227e-01
 -1.0818369e+00  4.8692477e-01  2.5348761e+00  1.7343359e+00
 -8.1491172e-01 -7.3022509e-01  1.3686602e-01 -2.1109384e-04
  4.4104713e-01 -2.1195449e-01 -1.8718524e-01  3.7246192e-01
  3.2467911e-01 -5.0218999e-01  7.1495408e-01 -6.8746030e-01
 -1.0133588e+00  9.9002653e-01 -1.1019310e+00  1.5416785e+00
 -3.7471670e-01 -7.0444912e-01 -1.0870857e+00  3.3263543e-01
  1.4532380e+00  9.0811610e-01 -1.0465539e+00 -6.1590385e-01
 -2.3979737e-01  2.1861389e-01 -1.0164865e+00 -1.3785157e+00
 -4.1553941e-01 -2.3651196e-01 -1.4525164e+00  2.9473650e-01]
	Time : 0:00:00.107335
 }
{
	Count : 26
	Injected : [  0.9484745  -1.2438142 -16.013466  ...   0.5183716   1.3213719
  -1.317088 ]
	OpName : Ops.IDENTITY
	Original : [ 0.940662   -0.24381427 -0.01346618 ...  0.5183716   1.3213719
 -1.317088  ]
	Time : 0:00:00.401988
 }

---------------------------------------
Done injections
