Starting log at 2022-05-07 18:25:47.246785

{
	Count : 1
	Injected : [-1.3107200e+05 -1.0000000e+00 -1.0000000e+00 -1.0000000e+00
 -1.0240000e+03 -1.6000000e+01 -1.3107200e+05 -4.0960000e+03
 -4.0000000e+00 -1.6000000e+01 -1.3107200e+05 -1.0485760e+06
 -2.0480000e+03 -1.6000000e+01 -1.3107200e+05 -2.6214400e+05
 -2.5600000e+02 -1.0240000e+03 -1.3107200e+05 -6.5536000e+04
 -2.6214400e+05 -1.3107200e+05 -6.4000000e+01 -2.0000000e+00
 -1.3107200e+05 -6.5536000e+04 -1.0000000e+00 -1.6000000e+01
 -6.4000000e+01 -4.0000000e+00 -1.3107200e+05 -2.6214400e+05
 -8.0000000e+00 -1.0240000e+03 -1.6000000e+01 -6.4000000e+01
 -4.0000000e+00 -6.5536000e+04 -1.6384000e+04 -2.6214400e+05
 -1.3107200e+05 -1.6384000e+04 -1.0485760e+06 -2.0480000e+03
 -2.5600000e+02 -4.0000000e+00 -8.0000000e+00 -3.2768000e+04
 -1.0240000e+03 -5.2428800e+05 -1.0000000e+00 -1.2800000e+02
 -3.2000000e+01 -5.1200000e+02 -4.0000000e+00 -2.6214400e+05
 -8.1920000e+03 -1.0485760e+06 -4.0000000e+00 -1.0485760e+06
 -2.6214400e+05 -1.0240000e+03 -3.2768000e+04 -6.4000000e+01
 -2.6214400e+05 -1.6000000e+01 -1.2800000e+02 -1.0485770e+06
 -2.5649020e+02 -1.6000000e+01 -1.6384000e+04 -4.0000000e+00
 -1.0240000e+03 -1.6000000e+01 -1.0485760e+06 -8.1920000e+03
 -1.6384000e+04 -2.0480000e+03 -1.0240000e+03 -1.0240000e+03
 -5.2428800e+05 -1.6000000e+01 -2.0480000e+03 -5.1200000e+02
 -1.2800000e+02 -4.0960000e+03 -2.0480000e+03 -5.2428800e+05
 -8.1920000e+03 -8.0000000e+00 -1.6000000e+01 -4.0000000e+00
 -3.2000000e+01 -1.6384000e+04 -6.5536312e+04 -4.0969922e+03
 -5.2428869e+05 -8.1920000e+03 -8.0000000e+00 -6.4000000e+01
 -2.0480000e+03 -8.1920000e+03 -3.2768000e+04 -1.0000000e+00
 -2.6214400e+05 -8.1920000e+03 -1.0240000e+03 -1.2800000e+02
 -1.6384000e+04 -2.0000000e+00 -8.1920000e+03 -1.0240000e+03
 -2.0480000e+03 -2.0000000e+00 -6.4000000e+01 -4.0960000e+03
 -1.3107200e+05 -4.0000000e+00 -1.0485760e+06 -8.0000000e+00
 -6.5536000e+04 -1.5674020e-01 -8.4325987e-01 -7.4215692e-01
 -1.3107245e+05 -2.0000000e+00 -1.0485760e+06 -2.6214400e+05
 -1.0485760e+06 -2.0000000e+00 -2.0000000e+00 -3.2768000e+04
 -6.4000000e+01 -3.2768000e+04 -4.0000000e+00 -2.6214400e+05
 -6.4000000e+01 -8.0000000e+00 -3.2768000e+04 -8.1920000e+03
 -1.2800000e+02 -1.6384000e+04 -3.2000000e+01 -6.4000000e+01
 -6.5536000e+04 -5.1200000e+02 -2.6214400e+05 -1.2800000e+02
 -1.0000000e+00 -8.2509804e+00 -6.5536984e+04 -9.9996942e-01
 -1.6384246e+04 -2.0480000e+03 -2.5600000e+02 -8.0000000e+00
 -5.2428800e+05 -1.0485760e+06 -2.0000000e+00 -2.6214400e+05
 -1.0485760e+06 -8.0000000e+00 -3.2000000e+01 -2.0480000e+03
 -5.2428800e+05 -4.0960000e+03 -8.0000000e+00 -8.1920000e+03
 -1.0485760e+06 -1.6000000e+01 -8.0000000e+00 -2.0000000e+00
 -5.1200000e+02 -1.6384000e+04 -8.1920000e+03 -6.4000000e+01
 -1.6384000e+04 -1.4235294e+00 -3.2988235e+01 -5.1299213e+02
 -8.1922471e+03 -6.4000000e+01 -1.2800000e+02 -2.5600000e+02
 -5.2428800e+05 -6.4000000e+01 -4.0000000e+00 -1.0485760e+06
 -1.6384000e+04 -1.6384000e+04 -4.0960000e+03 -3.2768000e+04
 -2.5600000e+02 -2.5600000e+02 -3.2768000e+04 -2.0000000e+00
 -4.0000000e+00 -3.2768000e+04 -3.2000000e+01 -5.2428800e+05
 -1.6384000e+04 -5.2428800e+05 -3.2768000e+04 -6.4000000e+01
 -8.0000000e+00 -9.1274512e-01 -2.9921570e+00 -1.6760784e+01
 -8.0000000e+00 -5.2428800e+05 -1.3107200e+05 -1.0240000e+03
 -2.6214400e+05 -6.4000000e+01 -5.2428800e+05 -2.0000000e+00
 -5.1200000e+02 -4.0000000e+00 -1.6384000e+04 -1.0485760e+06
 -2.6214400e+05 -6.5536000e+04 -1.0485760e+06 -2.6214400e+05
 -4.0000000e+00 -3.2768000e+04 -3.2768000e+04 -2.6214400e+05
 -6.5536000e+04 -6.5536000e+04 -8.1920000e+03 -3.2000000e+01
 -4.2039218e+00 -5.2428894e+05 -2.5698822e+02 -8.1922783e+03
 -4.0000000e+00 -1.3107200e+05 -5.2428800e+05 -2.0480000e+03
 -2.0000000e+00 -4.0960000e+03 -5.1200000e+02 -1.2800000e+02
 -1.0240000e+03 -5.2428800e+05 -3.2768000e+04 -1.0000000e+00
 -1.6384000e+04 -4.0960000e+03 -2.0000000e+00 -1.0240000e+03
 -6.5536000e+04 -1.0000000e+00 -3.2768000e+04 -6.5536000e+04
 -3.2768000e+04 -6.4000000e+01 -1.2800000e+02 -2.6214400e+05
 -6.4529411e+01 -9.9214160e-01 -9.7261035e-01 -1.6384000e+04
 -2.5600000e+02 -4.0960000e+03 -8.1920000e+03 -3.2000000e+01
 -8.0000000e+00 -5.2428800e+05 -1.6384000e+04 -5.1200000e+02
 -4.0000000e+00 -8.1920000e+03 -3.2000000e+01 -8.0000000e+00
 -5.1200000e+02 -1.0485760e+06 -8.0000000e+00 -6.4000000e+01
 -2.0000000e+00 -1.0240000e+03 -4.0960000e+03 -4.0000000e+00
 -3.2768000e+04 -1.6000000e+01 -3.2768000e+04 -5.2428800e+05
 -1.6384910e+04 -3.2768988e+04 -6.3627458e-01 -6.5536000e+04
 -3.2768000e+04 -4.0960000e+03 -2.0480000e+03 -3.2000000e+01
 -5.2428800e+05 -5.2428800e+05 -3.2000000e+01 -8.0000000e+00
 -2.0480000e+03 -2.0480000e+03 -2.6214400e+05 -2.0480000e+03
 -4.0960000e+03 -1.6384000e+04 -2.6214400e+05 -4.0000000e+00
 -5.1200000e+02 -3.2768000e+04 -1.3107200e+05 -4.0000000e+00
 -2.0000000e+00 -1.0485760e+06 -1.0485760e+06 -2.6214428e+05
 -9.1397065e-01 -1.6988235e+01 -2.7892160e-01 -1.0000000e+00
 -5.1200000e+02 -5.1200000e+02 -6.4000000e+01 -2.5600000e+02
 -1.6000000e+01 -1.0485760e+06 -8.0000000e+00 -3.2105881e+01
 -1.2841568e+02 -8.3039606e-01 -6.4827454e+01 -4.4156861e+00
 -1.0240000e+03 -8.1920000e+03 -1.0000000e+00 -4.0960000e+03
 -1.3107200e+05 -1.0485760e+06 -8.1920000e+03 -5.2428800e+05
 -4.0000000e+00 -8.0000000e+00 -5.2428800e+05 -8.7490196e+00
 -8.6715692e-01 -1.6745098e+01 -3.2000000e+01 -1.6000000e+01
 -8.1920000e+03 -5.2428800e+05 -1.0000000e+00 -8.0000000e+00
 -1.6000000e+01 -5.2428800e+05 -1.1215687e+00 -2.0486824e+03
 -1.2899216e+02 -2.6214491e+05 -8.9529409e+00 -9.2451370e-01
 -6.5536055e+04 -1.6000000e+01 -1.2800000e+02 -3.2000000e+01
 -1.0000000e+00 -8.1920000e+03 -1.6000000e+01 -1.6384000e+04
 -1.6000000e+01 -1.0000000e+00 -2.6214400e+05 -1.0247451e+03
 -1.2898824e+02 -7.0992649e-01 -4.0000000e+00 -3.2768000e+04
 -1.6000000e+01 -6.5536000e+04 -1.3107200e+05 -1.6000000e+01
 -5.2428800e+05 -5.1225098e+02 -8.3334106e-01 -7.3823535e-01
 -8.4707421e-01 -2.0481060e+03 -6.0589004e-01 -9.5698535e-01
 -4.3294120e+00 -1.0485760e+06 -5.2428800e+05 -8.1920000e+03
 -5.1200000e+02 -2.6214400e+05 -2.6214400e+05 -1.0240000e+03
 -3.2000000e+01 -5.2428800e+05 -3.2768000e+04 -1.7450981e+00
 -1.9882354e+00 -2.7411766e+00 -4.0000000e+00 -1.0000000e+00
 -5.2428800e+05 -2.0480000e+03 -8.1920000e+03 -3.2768000e+04
 -6.1275437e-05 -8.7647057e+00 -9.8725879e-01 -5.1283136e+02
 -9.8100498e-02 -1.0240000e+03 -1.7058058e-01 -1.3107295e+05
 -5.2428869e+05 -1.6384000e+04 -3.2000000e+01 -3.2000000e+01
 -3.2000000e+01 -2.6214400e+05 -5.2428800e+05 -6.4000000e+01
 -2.0480000e+03 -8.1920000e+03 -5.2428800e+05 -7.4900430e-01
 -8.1929883e+03 -1.7411765e+00 -5.1200000e+02 -1.0240000e+03
 -4.0000000e+00 -1.0240000e+03 -4.0960000e+03 -1.0240000e+03
 -1.5450981e+00 -8.6323535e-01 -3.2768969e+04 -2.4901196e-01
 -2.0480000e+03 -1.0000000e+00 -1.6223530e+01 -1.2896471e+02
 -1.6741177e+01 -2.0000000e+00 -1.6000000e+01 -4.0000000e+00
 -1.0485760e+06 -4.0960000e+03 -1.0240000e+03 -1.0000000e+00
 -5.2428800e+05 -6.4000000e+01 -4.0000000e+00 -9.9509805e-01
 -2.6214500e+05 -7.4898899e-01 -1.0485760e+06 -2.6214400e+05
 -2.0480000e+03 -3.2000000e+01 -2.0000000e+00 -6.4000000e+01
 -9.7653192e-01 -6.4988235e+01 -8.5607843e+00 -1.0000000e+00
 -5.2428800e+05 -4.0960000e+03 -8.3333343e-02 -4.8823535e-01
 -6.7867649e-01 -2.0000000e+00 -5.2428800e+05 -1.6000000e+01
 -4.0000000e+00 -6.5536000e+04 -6.4000000e+01 -8.1920000e+03
 -1.0240000e+03 -4.0000000e+00 -2.0000000e+00 -9.9901962e-01
 -1.6384992e+04 -7.4900430e-01 -2.6214400e+05 -1.6000000e+01
 -6.4000000e+01 -2.5600000e+02 -5.1200000e+02 -3.2768242e+04
 -5.1300000e+02 -9.2965692e-01 -2.5685510e-01 -5.2428800e+05
 -5.1200000e+02 -6.5536031e+04 -8.7882357e+00 -1.0249922e+03
 -3.2768504e+04 -2.0480000e+03 -2.0000000e+00 -1.0000000e+00
 -4.0960000e+03 -2.6214400e+05 -2.6214400e+05 -5.2428800e+05
 -2.6214400e+05 -1.0000000e+00 -5.2428800e+05 -1.6325491e+01
 -1.3107297e+05 -8.9294119e+00 -2.5657254e+02 -6.4000000e+01
 -5.1200000e+02 -2.6214400e+05 -2.5600000e+02 -1.6568631e-01
 -1.2899216e+02 -8.8784313e+00 -2.3651965e-02 -1.0240000e+03
 -8.1411762e+00 -1.2844705e+02 -8.1929883e+03 -4.7882352e+00
 -5.1208234e+02 -1.0000000e+00 -2.5600000e+02 -6.5536000e+04
 -6.5536000e+04 -1.6384000e+04 -1.3107200e+05 -2.6214400e+05
 -1.6000000e+01 -1.6384000e+04 -4.0000000e+00 -2.5600000e+02
 -2.4019611e-01 -2.9607844e+00 -1.2898824e+02 -8.5096514e-01
 -5.1218823e+02 -2.0480784e+03 -2.5600000e+02 -1.0485765e+06
 -9.9020380e-01 -1.0485769e+06 -7.5490206e-02 -6.5536773e+04
 -2.5694510e+02 -9.7941566e-01 -4.5960784e+00 -5.7450980e-01
 -5.2428800e+05 -3.2000000e+01 -6.5536000e+04 -2.6214400e+05
 -6.5536000e+04 -5.1200000e+02 -8.1920000e+03 -1.0240000e+03
 -1.0485760e+06 -4.0960000e+03 -1.0240000e+03 -2.6214400e+05
 -1.0485760e+06 -8.2549024e-01 -2.4117649e-01 -3.2768992e+04
 -1.2898824e+02 -9.4515938e-01 -6.6372168e-01 -4.9372549e+00
 -8.1929922e+03 -1.6384988e+04 -9.9604785e-01 -8.9424026e-01
 -5.9987748e-01 -2.7646294e-01 -1.2800000e+02 -1.6384000e+04
 -8.1920000e+03 -1.2800000e+02 -5.1200000e+02 -3.2768000e+04
 -1.0240000e+03 -4.0000000e+00 -3.2000000e+01 -3.2768000e+04
 -4.0000000e+00 -8.1920000e+03 -5.1200000e+02 -1.0485760e+06
 -1.0000000e+00 -8.1920000e+03 -5.2428800e+05 -1.2352941e+00
 -5.7256436e-01 -7.9993880e-01 -1.0249883e+03 -2.9882355e+00
 -9.6090692e-01 -4.8823535e-01 -2.6078432e+00 -6.5536258e+04
 -1.6384000e+04 -1.2800000e+02 -5.2428800e+05 -1.0240000e+03
 -1.0240000e+03 -6.5536000e+04 -5.2428800e+05 -5.2428800e+05
 -6.4000000e+01 -3.2000000e+01 -1.0485760e+06 -8.1920000e+03
 -2.6214400e+05 -8.1920000e+03 -1.2800000e+02 -6.4000000e+01
 -1.0240000e+03 -2.0480000e+03 -4.0960000e+03 -1.0240000e+03
 -6.4000000e+01 -3.2768000e+04 -2.0000000e+00 -6.5536000e+04
 -3.2768000e+04 -8.1920000e+03 -6.4000000e+01 -5.2428800e+05
 -3.2768000e+04 -2.6214400e+05 -1.0000000e+00 -1.6384000e+04
 -8.0000000e+00 -2.0480000e+03 -1.6000000e+01 -1.0240000e+03
 -3.2000000e+01 -4.0000000e+00 -8.1920000e+03 -1.6000000e+01
 -8.1920000e+03 -5.2428800e+05 -5.2428800e+05 -8.0000000e+00
 -1.0485760e+06 -1.0485760e+06 -8.0000000e+00 -1.0485760e+06
 -1.0240000e+03 -8.0000000e+00 -2.6214400e+05 -1.0240000e+03
 -2.0480000e+03 -6.4000000e+01 -5.2428800e+05 -5.1200000e+02
 -8.0000000e+00 -1.6000000e+01 -1.0485760e+06 -5.2428800e+05
 -8.1920000e+03 -6.4000000e+01 -1.3107200e+05 -8.0000000e+00
 -8.1920000e+03 -1.3107200e+05 -5.1200000e+02 -3.2000000e+01
 -1.0485760e+06 -1.3107200e+05 -6.4000000e+01 -6.4000000e+01
 -6.5536000e+04 -4.0960000e+03 -2.5600000e+02 -8.1920000e+03
 -1.6384000e+04 -1.6000000e+01 -6.5536000e+04 -8.0000000e+00
 -6.5536000e+04 -1.3107200e+05 -1.2800000e+02 -4.0000000e+00
 -3.2768000e+04 -1.0485760e+06 -2.0000000e+00 -6.5536000e+04
 -5.1200000e+02 -1.0000000e+00 -1.2800000e+02 -6.5536000e+04
 -5.1200000e+02 -1.3107200e+05 -1.2800000e+02 -1.3107200e+05
 -2.0480000e+03 -3.2768000e+04 -1.0000000e+00 -5.1200000e+02
 -6.5536000e+04 -1.6384000e+04 -1.2800000e+02 -4.0000000e+00
 -1.6000000e+01 -1.0240000e+03 -1.0240000e+03 -5.2428800e+05
 -3.2768000e+04 -2.0000000e+00 -6.4000000e+01 -3.2768000e+04
 -1.0000000e+00 -1.0485760e+06 -6.5536000e+04 -5.1200000e+02
 -4.0960000e+03 -3.2000000e+01 -3.2768000e+04 -2.5600000e+02
 -8.1920000e+03 -2.5600000e+02 -6.4000000e+01 -1.6384000e+04
 -4.0960000e+03 -1.0240000e+03 -8.1920000e+03 -1.0000000e+00
 -2.0480000e+03 -3.2000000e+01 -1.0000000e+00 -8.0000000e+00
 -2.5600000e+02 -2.0000000e+00 -1.2800000e+02 -5.1200000e+02
 -2.0480000e+03 -8.1920000e+03 -1.6384000e+04 -5.2428800e+05
 -4.0960000e+03 -1.6000000e+01 -6.5536000e+04 -2.5600000e+02
 -2.6214400e+05 -4.0960000e+03 -1.0000000e+00 -6.4000000e+01
 -1.0485760e+06 -2.0000000e+00 -1.3107200e+05 -2.0480000e+03
 -2.0480000e+03 -4.0000000e+00 -8.0000000e+00 -3.2000000e+01
 -6.4000000e+01 -6.5536000e+04 -1.3107200e+05 -6.5536000e+04
 -1.6000000e+01 -1.3107200e+05 -3.2768000e+04 -3.2000000e+01
 -3.2768000e+04 -2.0000000e+00 -0.0000000e+00 -0.0000000e+00
 -0.0000000e+00 -0.0000000e+00 -0.0000000e+00 -0.0000000e+00
 -0.0000000e+00 -0.0000000e+00 -0.0000000e+00 -0.0000000e+00]
	OpName : Ops.NEGATIVE
	Original : [-0.         -0.         -0.         -0.         -0.         -0.
 -0.         -0.         -0.         -0.         -0.         -0.
 -0.         -0.         -0.         -0.         -0.         -0.
 -0.         -0.         -0.         -0.         -0.         -0.
 -0.         -0.         -0.         -0.         -0.         -0.
 -0.         -0.         -0.         -0.         -0.         -0.
 -0.         -0.         -0.         -0.         -0.         -0.
 -0.         -0.         -0.         -0.         -0.         -0.
 -0.         -0.         -0.         -0.         -0.         -0.
 -0.         -0.         -0.         -0.         -0.         -0.
 -0.         -0.         -0.         -0.         -0.         -0.
 -0.         -0.9960785  -0.4901961  -0.         -0.         -0.
 -0.         -0.         -0.         -0.         -0.         -0.
 -0.         -0.         -0.         -0.         -0.         -0.
 -0.         -0.         -0.         -0.         -0.         -0.
 -0.         -0.         -0.         -0.         -0.3137255  -0.9921569
 -0.65882355 -0.         -0.         -0.         -0.         -0.
 -0.         -0.         -0.         -0.         -0.         -0.
 -0.         -0.         -0.         -0.         -0.         -0.
 -0.         -0.         -0.         -0.         -0.         -0.
 -0.         -0.1254902  -0.8745099  -0.9921569  -0.454902   -0.
 -0.         -0.         -0.         -0.         -0.         -0.
 -0.         -0.         -0.         -0.         -0.         -0.
 -0.         -0.         -0.         -0.         -0.         -0.
 -0.         -0.         -0.         -0.         -0.         -0.2509804
 -0.98823535 -0.9921569  -0.24705884 -0.         -0.         -0.
 -0.         -0.         -0.         -0.         -0.         -0.
 -0.         -0.         -0.         -0.         -0.         -0.
 -0.         -0.         -0.         -0.         -0.         -0.
 -0.         -0.         -0.         -0.42352945 -0.98823535 -0.9921569
 -0.24705884 -0.         -0.         -0.         -0.         -0.
 -0.         -0.         -0.         -0.         -0.         -0.
 -0.         -0.         -0.         -0.         -0.         -0.
 -0.         -0.         -0.         -0.         -0.         -0.
 -0.         -0.6627451  -0.9921569  -0.7607844  -0.         -0.
 -0.         -0.         -0.         -0.         -0.         -0.
 -0.         -0.         -0.         -0.         -0.         -0.
 -0.         -0.         -0.         -0.         -0.         -0.
 -0.         -0.         -0.         -0.         -0.20392159 -0.909804
 -0.98823535 -0.2784314  -0.         -0.         -0.         -0.
 -0.         -0.         -0.         -0.         -0.         -0.
 -0.         -0.         -0.         -0.         -0.         -0.
 -0.         -0.         -0.         -0.         -0.         -0.
 -0.         -0.         -0.5294118  -0.98823535 -0.98823535 -0.
 -0.         -0.         -0.         -0.         -0.         -0.
 -0.         -0.         -0.         -0.         -0.         -0.
 -0.         -0.         -0.         -0.         -0.         -0.
 -0.         -0.         -0.         -0.         -0.         -0.
 -0.909804   -0.98823535 -0.8862746  -0.         -0.         -0.
 -0.         -0.         -0.         -0.         -0.         -0.
 -0.         -0.         -0.         -0.         -0.         -0.
 -0.         -0.         -0.         -0.         -0.         -0.
 -0.         -0.         -0.         -0.2784314  -0.97647065 -0.98823535
 -0.4039216  -0.         -0.         -0.         -0.         -0.
 -0.         -0.         -0.         -0.10588236 -0.4156863  -0.8313726
 -0.82745105 -0.4156863  -0.         -0.         -0.         -0.
 -0.         -0.         -0.         -0.         -0.         -0.
 -0.         -0.7490196  -0.9921569  -0.74509805 -0.         -0.
 -0.         -0.         -0.         -0.         -0.         -0.
 -0.12156864 -0.68235296 -0.9921569  -0.90196085 -0.95294124 -0.92549026
 -0.05490196 -0.         -0.         -0.         -0.         -0.
 -0.         -0.         -0.         -0.         -0.         -0.74509805
 -0.98823535 -0.7411765  -0.         -0.         -0.         -0.
 -0.         -0.         -0.         -0.2509804  -0.8352942  -0.98823535
 -0.85098046 -0.10588236 -0.60784316 -0.98823535 -0.32941177 -0.
 -0.         -0.         -0.         -0.         -0.         -0.
 -0.         -0.         -0.         -0.74509805 -0.98823535 -0.7411765
 -0.         -0.         -0.         -0.         -0.         -0.
 -0.01568628 -0.76470596 -0.98823535 -0.8313726  -0.1137255  -0.
 -0.16862746 -0.9490197  -0.7058824  -0.         -0.         -0.
 -0.         -0.         -0.         -0.         -0.         -0.
 -0.         -0.74509805 -0.98823535 -0.7411765  -0.         -0.
 -0.         -0.         -0.         -0.         -0.54509807 -0.98823535
 -0.9686275  -0.24705884 -0.         -0.         -0.22352943 -0.96470594
 -0.7411765  -0.         -0.         -0.         -0.         -0.
 -0.         -0.         -0.         -0.         -0.         -0.74509805
 -0.98823535 -0.7411765  -0.         -0.         -0.         -0.
 -0.         -0.         -0.9921569  -0.98823535 -0.56078434 -0.
 -0.         -0.         -0.33333334 -0.98823535 -0.7411765  -0.
 -0.         -0.         -0.         -0.         -0.         -0.
 -0.         -0.         -0.         -0.7490196  -0.9921569  -0.74509805
 -0.         -0.         -0.         -0.         -0.         -0.24313727
 -1.         -0.9921569  -0.25490198 -0.         -0.         -0.03137255
 -0.78823537 -0.9921569  -0.5019608  -0.         -0.         -0.
 -0.         -0.         -0.         -0.         -0.         -0.
 -0.         -0.3254902  -0.96470594 -0.9294118  -0.57254905 -0.
 -0.         -0.         -0.         -0.4156863  -0.9921569  -0.87843144
 -0.05490196 -0.         -0.14117648 -0.44705886 -0.98823535 -0.78823537
 -0.08235294 -0.         -0.         -0.         -0.         -0.
 -0.         -0.         -0.         -0.         -0.         -0.
 -0.4901961  -0.9607844  -0.98823535 -0.8470589  -0.18823531 -0.07843138
 -0.         -0.45098042 -0.9921569  -0.8235295  -0.3254902  -0.7725491
 -0.9450981  -0.9803922  -0.59607846 -0.07450981 -0.         -0.
 -0.         -0.         -0.         -0.         -0.         -0.
 -0.         -0.         -0.         -0.         -0.         -0.3254902
 -0.7411765  -0.9921569  -0.98823535 -0.9607844  -0.6627451  -0.93725497
 -0.9921569  -0.98823535 -0.98823535 -0.92549026 -0.5686275  -0.27450982
 -0.         -0.         -0.         -0.         -0.         -0.
 -0.         -0.         -0.         -0.         -0.         -0.
 -0.         -0.         -0.         -0.         -0.         -0.23529413
 -0.5764706  -0.7843138  -0.98823535 -0.98823535 -0.9921569  -0.98823535
 -0.60784316 -0.25882354 -0.         -0.         -0.         -0.
 -0.         -0.         -0.         -0.         -0.         -0.
 -0.         -0.         -0.         -0.         -0.         -0.
 -0.         -0.         -0.         -0.         -0.         -0.
 -0.         -0.         -0.         -0.         -0.         -0.
 -0.         -0.         -0.         -0.         -0.         -0.
 -0.         -0.         -0.         -0.         -0.         -0.
 -0.         -0.         -0.         -0.         -0.         -0.
 -0.         -0.         -0.         -0.         -0.         -0.
 -0.         -0.         -0.         -0.         -0.         -0.
 -0.         -0.         -0.         -0.         -0.         -0.
 -0.         -0.         -0.         -0.         -0.         -0.
 -0.         -0.         -0.         -0.         -0.         -0.
 -0.         -0.         -0.         -0.         -0.         -0.
 -0.         -0.         -0.         -0.         -0.         -0.
 -0.         -0.         -0.         -0.         -0.         -0.
 -0.         -0.         -0.         -0.         -0.         -0.
 -0.         -0.         -0.         -0.         -0.         -0.
 -0.         -0.         -0.         -0.         -0.         -0.
 -0.         -0.         -0.         -0.         -0.         -0.
 -0.         -0.         -0.         -0.         -0.         -0.
 -0.         -0.         -0.         -0.         -0.         -0.
 -0.         -0.         -0.         -0.         -0.         -0.
 -0.         -0.         -0.         -0.         -0.         -0.
 -0.         -0.         -0.         -0.         -0.         -0.
 -0.         -0.         -0.         -0.         -0.         -0.
 -0.         -0.         -0.         -0.         -0.         -0.
 -0.         -0.         -0.         -0.         -0.         -0.
 -0.         -0.         -0.         -0.         -0.         -0.
 -0.         -0.         -0.         -0.        ]
	Time : 0:00:00.016615
 }
