Starting log at 2022-05-07 18:36:51.505947

{
	Count : 7
	Injected : [-1.96628952e+00  6.55370156e+04 -6.01204538e+00  5.07000983e-01
  5.13542603e+02 -1.63861602e+04 -1.93942523e+00  6.40762634e+01
 -1.04444480e+00 -8.19276953e+03 -1.02656946e+03 -2.49029946e+00
 -1.31073641e+05  1.67759463e-01 -2.04853345e+03  1.97795284e+00
 -2.56998199e+02  2.45304036e+00 -1.06035483e+00  1.02494189e+03
 -1.63842734e+04  3.38852043e+01 -2.41074711e-02 -1.04857762e+06
  1.64006920e+01  6.35235608e-02 -4.09715869e+03  5.24288312e+05
 -1.29057144e+02  5.42774105e+00 -2.04877466e+03  1.63840781e+04
  3.25739365e+01 -2.33804369e+00  1.02424573e+03  2.04955835e+03
 -2.36725998e+00 -5.24288250e+05  5.28027117e-02  6.55368828e+04
 -3.27684922e+04 -8.15885925e+00 -5.24288562e+05 -3.22910690e+01
  8.19396777e+03  1.92059078e+01 -1.31072922e+05 -1.02700208e+03
  6.55369688e+04 -1.29521637e+02  2.04856299e+03  4.09686768e+03
 -1.05213985e-01  1.04857750e+06 -2.66705919e-02  1.28465820e+02
  5.24288562e+05 -2.24480605e+00  1.31072609e+05 -1.76367722e+01
 -5.24531960e-01  1.04857888e+06  6.57545471e+01  5.30221701e-01
 -5.96601343e+00  7.29032278e-01  3.23048401e+01 -3.77228975e-01
 -5.81237316e-01  1.17689800e+00 -4.45448101e-01 -2.04889307e+03
  8.92830086e+00 -6.43800430e+01 -1.04857650e+06  6.55382734e+04
 -4.97378254e+00 -1.28452026e+02 -1.31072812e+05  1.02460107e+03
  1.78379440e+01  1.04857900e+06 -1.28504700e+02 -1.28638443e+02
  1.85629582e+00 -2.58963959e+02 -8.19243359e+03  3.71508694e+00
  1.57972813e-01  3.27180748e+01 -9.24101412e-01  5.13127075e+02
  9.21835518e+00  2.33096004e+00  5.13580261e+02 -1.04857838e+06
 -2.96923208e+00 -2.85868454e+00 -1.04857800e+06 -1.02553162e+03
  1.71737695e+00  5.78871854e-02  1.63856777e+04 -1.01782668e+00
  1.12334287e+00 -3.27685898e+04  1.30920486e+02 -8.63777459e-01
  7.50233352e-01  1.31073719e+05  3.01287293e-01 -1.28229004e+02
  4.91001844e-01  3.27685234e+04  1.45054090e+00 -7.32668936e-01
  2.53686666e+00 -1.27249789e+00 -9.83421028e-01 -1.63851465e+04
  6.55372266e+04  2.62144969e+05 -4.85272333e-02 -8.19321251e+00
  1.31073734e+05  6.55374766e+04 -4.49210787e+00 -5.47214568e-01
  5.24289062e+05  2.04874487e+03 -6.74075425e-01  1.50822568e+00
 -4.23200130e-02 -5.62401056e+00  3.05834413e+00 -1.31084549e+02
 -2.62144438e+05 -1.75029011e+01  6.55386094e+04  7.69132912e-01
  2.58502716e+02  3.57344770e+00 -5.13804688e+02  5.51725209e-01
  1.31072531e+05 -9.71410465e+00 -1.81573868e-01  8.24995136e+00
 -1.63854004e+04  2.04832300e+03  3.27680898e+04 -1.56299675e+00
  1.02424500e+03  1.68947639e+01  2.56206879e+02 -1.31072719e+05
 -8.54447365e+00  1.31072547e+05  1.35584843e+00 -2.62145625e+05
  2.62144688e+05  3.25368271e+01 -1.23637938e+00  2.04834204e+03
  5.24291250e+05 -1.02569775e+03 -6.40180511e+01  5.24290000e+05
  6.60345182e-02  1.63851426e+04 -3.27684766e+04 -1.30293655e+02
 -1.29274918e+02 -1.29586105e+02 -2.31226993e+00  5.10404408e-01
  1.02485706e+03 -7.39226639e-01  1.02566272e+03  6.55393359e+04
  2.59598175e+02  2.38836050e-01 -1.49790514e+00  2.04914990e+03
 -2.04696107e+00  1.94137424e-01 -3.27693711e+04  4.09840186e+03
 -7.33468235e-01  1.42056823e-01  8.44105482e-01  6.55371953e+04
  1.30914140e+00  3.51349068e+01 -1.68586655e+01 -1.04857762e+06
  1.13737559e+00 -4.94894171e+00 -2.04811743e+03  1.63862090e+04
  6.19413280e+00  1.29630920e+02  2.56004791e+02  1.30663300e+00
  5.13463135e+02 -1.04857875e+06 -2.04806372e+03  4.09676270e+03
  1.28938034e+02  6.55369219e+04 -6.61730728e+01 -5.42908096e+00
  1.96913922e+00 -2.04804517e+03  3.25195432e-01  1.05882037e+00
 -4.09640283e+03  5.56013465e-01  1.36601055e+00 -6.51492310e+01
  3.30092735e+01 -1.04857650e+06 -2.62144969e+05  7.84865201e-01
 -8.19665146e+00 -4.23973024e-01 -8.10425222e-01  3.14222246e-01
  4.51790857e+00 -4.09820703e+03 -1.93604603e-01  1.63848945e+04
  6.51461945e+01 -2.81842542e+00  2.33810377e+00  3.24758453e+01
 -2.04884937e+03 -1.28938477e+02  2.58685822e+02  1.61705875e+01
 -1.02467493e+03  7.77714327e-02 -5.24288812e+05 -1.04857700e+06
  1.04857612e+06  8.19428027e+03  1.32517755e+00 -9.66515064e-01
 -6.97570205e-01 -1.41142392e+00  9.04300436e-02  1.83097351e+00
 -1.20819259e+00  2.16315722e+00  3.69923592e-01  6.44182801e-01]
	OpName : Ops.IDENTITY
	Original : [-1.8412895   1.0186347  -2.0120454   0.5060244   1.542578   -2.1593122
 -1.8769252   0.07626315 -1.0463979  -0.7694901  -2.5694757  -2.9902995
 -1.6334937   0.1667829  -0.53355694  1.8529528  -0.998205    2.3905404
 -1.1228548   0.94192475 -0.2739495   1.885206   -0.14910747 -1.6572533
  0.40069202  0.07914856 -1.1586169   0.3131112  -1.0571506   1.4277409
 -0.77455467  0.07898321  0.5739378  -0.33804366  0.24574038  1.5584416
 -2.33601    -0.2538328   0.17780271  0.88201076 -0.49056107 -0.15885895
 -0.58335763 -0.2910679   1.9682186   3.2059073  -0.91945744 -3.002098
  0.9717923  -1.5216321   0.5628824   0.86743367 -0.09740148  1.5572324
 -0.01104559  0.46581304  0.5494822  -2.2457826   0.6109776  -1.6367716
 -0.50890696  2.906602    1.7545491   0.5145967  -1.9660134   0.7212198
  0.30483913 -0.25222898 -0.5890498   1.676898   -0.4766981  -0.89312
  0.92830133 -0.38004336 -0.53257227  2.2698996  -0.97378266 -0.45203274
 -0.81104803  0.6010914   1.8379433   2.9677196  -0.504693   -0.6384362
  1.8250458  -2.963947   -0.43393615  3.215087    0.12672281  0.7180756
 -0.92800766  1.1270801   1.2183555   2.3348663   1.5802311  -2.3966408
 -3.969232   -2.8547783  -2.0538797  -1.5316081   1.654877    0.05691062
  1.6786069  -1.0490767   1.1194366  -0.58900267  2.9204853  -0.84815246
  0.7521865   1.7209756   0.3090998  -0.22900784  0.47537684  0.52369756
  1.2005409  -0.70141894  2.5446792  -0.27249783 -0.9756085  -1.1462202
  1.2250286   0.96041346 -0.11102723 -0.19321297  1.7311801   1.4804156
 -0.49210772 -0.5511208   1.0444149   0.7447623  -0.6818879   1.0082257
 -2.04232    -1.6240106   3.0573676  -3.0845425  -0.42468005 -1.5029017
  2.6084983   0.8003829   2.5027072   1.5734478  -1.804711    0.55367833
  0.5338495  -1.7141044  -0.183527    0.24995159 -1.3997427   0.3230942
  0.08909711 -1.5786217   0.24501845  0.894763    0.2068932  -0.7214367
 -0.5444739   0.540541    1.3519422  -1.6322924   0.7019466   0.53682756
 -1.237356    0.34196007  3.259915   -1.6977804  -0.01805287  1.9715159
  0.06994077  1.143206   -0.4782252  -2.293659   -1.2749189  -1.5861061
 -2.3103168   0.5084513   0.8570396  -0.67672664  1.6626987   3.339011
  3.5981627   2.238836   -1.2479051   1.1499709  -2.0479376   0.20194992
 -1.3694028   2.4017637  -0.729562    0.14596307  0.84801173  1.1959584
  0.30914137  3.1349084  -0.8586654  -1.6445079   1.1530006  -0.9489418
 -0.11731165  2.2095003   2.194133    1.630919    0.00478874  1.3085861
  1.4631217  -2.749676   -0.06377311  0.76286864  0.93803877  0.91805845
 -2.1730747  -1.429081    1.9066392  -0.04520686  0.26269543  1.0607735
 -0.4027668   1.5560135   1.3669871  -1.1492294   1.0092745  -0.43989837
 -0.9540712   0.8004902  -0.19665188 -0.29897302 -0.7791752   0.06422225
  0.51790875 -2.2068908  -0.2092296   0.894111    1.1461912  -2.7559254
  2.3302913   0.47584376 -0.8493675  -0.9384751   2.6858351   0.17058685
 -0.6749229   0.07386518 -0.79434454 -0.94679785  0.13411102  2.2798977
  1.3251776  -0.96651506 -0.6975702  -1.4114239   0.09043004  1.8309735
 -1.2081926   2.1631572   0.3699236   0.6441828 ]
	Time : 0:00:00.119417
 }
{
	Count : 9
	Injected : [ 5.58979856e-03  1.63849238e+04 -1.02456494e+03 -5.19463730e+00
  1.40447187e+00  6.88882828e-01 -2.62144094e+05 -4.09636816e+03
  5.24288875e+05  3.62739742e-01  4.26093377e-02  5.12000854e+02
 -4.27842855e-01 -5.10832405e+00 -4.09718555e+03 -2.62144000e+05
 -5.35025477e-01 -1.54335320e-01  1.02510034e+03  1.70121632e+01
 -8.19216504e+03  4.09645068e+03  1.63849551e+04  2.57909180e+02
 -1.30572045e+00  8.19398145e+03 -2.04900024e+03  1.02623962e+03
  1.63848535e+04 -5.99848807e-01 -1.63848516e+04  1.31072094e+05
 -4.17716217e+00 -1.36978960e+00 -4.23284769e-01 -1.04857612e+06
  3.50708336e-01  2.62144531e+05 -1.58780289e+00  3.44876587e-01
  9.07596529e-01  1.63840742e+04  8.37659717e-01  5.93863964e-01
 -2.84756279e+00 -1.31072359e+05 -1.59584475e+00 -1.04857788e+06
  6.55379062e+04 -1.04857725e+06  5.24289062e+05  2.56915009e+02
 -8.77778709e-01 -2.62144875e+05  3.51683170e-01 -3.24967241e+00
  1.28591034e+02 -1.66670914e+01 -1.72499084e+00  5.24288438e+05
 -8.19208594e+03 -3.25310211e+01  1.63845234e+04  2.04910059e+03
 -6.55371797e+04 -5.24288062e+05 -6.55383750e+04  3.23881264e+01
 -9.91471589e-01 -5.83934486e-02  6.47011948e+01  5.13216614e+02
  1.04857788e+06  1.28953354e+02 -1.31072516e+05 -1.31072672e+05
 -1.03544563e-01  4.09687842e+03  1.02567578e+03 -5.12031128e+02
  1.29638519e+02  2.74167061e-01 -1.65661736e+01 -1.04857738e+06
  2.56605194e+02 -8.19286816e+03  4.31857824e+00  1.75523262e+01
  4.12067890e-01 -5.24289438e+05  2.62144156e+05 -1.45079339e+00
  1.96834832e-01 -1.31073594e+05  8.19223535e+03  1.31073125e+05
 -3.27682891e+04 -1.60759139e+00 -5.55332422e-01  2.62144031e+05
 -2.79891580e-01  5.93989944e+00  8.19332031e+03 -1.76707709e+00
  1.56469017e-01 -2.72562355e-01 -6.55372500e+04  2.04849243e+03
  1.02474658e+03  5.12460205e+02 -1.16197789e+00  6.55365000e+04
 -3.25563354e+01 -2.56176117e+02  2.40215635e+00  8.19253711e+03
  1.63849492e+04  1.16013730e+00 -4.60786152e+00  1.63848027e+04
 -2.62145312e+05 -5.53037345e-01 -3.30709915e+01 -4.95234203e+00
  6.42597809e+01 -4.09638135e+03 -2.19174552e+00 -1.02556201e+03
 -5.12088623e+02  2.04855029e+03 -2.17260689e-01 -1.29395432e+02
  6.49164734e+01  2.89935470e+00  8.19239160e+03  6.63610637e-01
 -5.14500797e-01  2.57541779e+02  5.13343628e+02 -1.04857812e+06
 -6.46085510e+01 -1.57095790e+00  1.02409375e+03  2.04835522e+03
 -1.46044743e+00 -9.73100960e-02 -3.27698906e+04  1.04857625e+06
  8.40569878e+00 -4.09630273e+03 -6.40161667e+01 -5.24288438e+05
 -6.55366484e+04  2.04836035e+03  1.05867577e+00 -1.61869984e+01
 -2.62144344e+05 -3.27822304e+01  9.09413242e+00  1.63840488e+04
 -7.80736357e-02  5.14031433e+02 -3.24487877e+01 -6.86265051e-01
 -6.14224017e-01 -2.46734047e+00 -1.31072094e+05  1.74069710e+01
 -1.02464307e+03 -2.62144531e+05  1.63843691e+04 -2.88292076e-02
 -2.62145281e+05  4.81729412e+00 -1.02482056e+03 -1.02556287e+03
 -2.57129517e+02 -1.40263772e+00 -4.34303284e-03  6.40533676e+01
  1.31073203e+05  8.14066410e-01 -4.09720410e+03 -1.28644958e+02
 -3.28225021e+01  8.94721603e+00  1.29212631e+02 -1.89914018e-01
  6.55368438e+04 -1.28563828e+02 -2.05019971e+03 -1.31075359e+05
  1.17515194e+00 -9.70254230e+00 -3.26489866e-01 -4.09652148e+03
 -1.29159367e+00 -3.27686602e+04 -2.21823856e-01 -5.24288312e+05
  5.13109680e+02 -1.58242083e+00 -2.76147628e+00  1.23326555e-01
 -2.62144312e+05 -1.74920440e+00 -2.04866626e+03 -1.02455676e+03
 -6.83642805e-01  9.75117743e-01  3.52052122e-01 -9.22503471e-01
 -4.08032274e+00  5.14526428e+02 -2.62146750e+05 -1.56424117e+00
 -8.07770824e+00 -6.42670517e+01 -1.97273326e+00 -5.54816675e+00
  4.09652246e+03 -1.27963826e-01  2.04916895e+03  2.56074585e+02
 -1.63846016e+04 -6.04028583e-01 -1.02437683e+03 -1.31072031e+05
  2.02322885e-01  5.13467773e+02  1.57433912e-01  1.00961435e+00
 -8.59877014e+00  3.83854285e-02 -6.55364375e+04 -1.63848789e+04
  1.29789436e+00 -4.48158550e+00  1.97565246e+00 -5.24291062e+05
  3.25324287e+01 -1.06114596e-02  1.79888582e+00  8.43855679e-01
  5.12553650e+02  4.88654137e-01 -1.67138383e-01 -5.85563183e-02
  6.94259226e-01 -9.05468762e-01  1.80774164e+00  2.10111475e+00
 -1.70933080e+00 -5.29907763e-01  1.22387707e+00  8.35731566e-01]
	OpName : Ops.IDENTITY
	Original : [ 4.61323606e-03  9.24707472e-01 -5.64925551e-01 -1.19463754e+00
  4.04471904e-01  1.88882843e-01 -1.06704570e-01 -3.68210524e-01
  9.03058231e-01  8.62739742e-01  4.16327752e-02  8.67869181e-04
 -1.42784286e+00 -1.10832417e+00 -1.18548036e+00 -9.25971754e-03
 -6.60025477e-01 -1.38710320e-01  1.10032654e+00  1.01216328e+00
 -1.64552599e-01  4.50514525e-01  9.55604315e-01  1.90919161e+00
 -1.36822045e+00  1.98134887e+00 -1.00026500e+00  2.23959780e+00
  8.53568673e-01 -6.07661307e-01 -8.51592302e-01  8.89081508e-02
 -1.77161992e-01 -3.69789600e-01 -9.23284769e-01 -1.46837190e-01
  3.49731773e-01  5.42088628e-01 -1.58975601e+00  9.48765948e-02
  6.57596529e-01  7.45434538e-02  3.37659717e-01  6.09488964e-01
 -2.34756279e+00 -3.58649433e-01 -1.53334475e+00 -1.92576158e+00
  1.90838659e+00 -1.21854949e+00  1.05695343e+00  9.15013731e-01
 -8.78755271e-01 -8.77607703e-01  3.67308170e-01 -1.24967229e+00
  5.91030180e-01 -6.67092204e-01 -7.24990785e-01  4.25382525e-01
 -8.54553133e-02 -5.31022549e-01  5.24371147e-01  1.10055518e+00
 -1.17892385e+00 -4.10529785e-02 -2.37146091e+00  3.88126731e-01
 -9.99284089e-01 -3.08393449e-01  7.01192975e-01  1.21663511e+00
  1.89937901e+00  9.53358471e-01 -5.22854328e-01 -6.66440129e-01
 -3.53544563e-01  8.78494322e-01  1.67580867e+00 -3.11150849e-02
  1.63852024e+00  2.27416706e+00 -5.66173136e-01 -1.32753265e+00
  6.05199635e-01 -8.68480921e-01  3.18578035e-01  1.55232680e+00
  4.19880390e-01 -1.42209339e+00  1.56919986e-01 -1.46641839e+00
  2.12459832e-01 -1.60095060e+00  2.35230595e-01  1.12163079e+00
 -2.89614707e-01 -6.07591450e-01 -1.55533242e+00  2.27420814e-02
 -2.98915766e-02  1.93989944e+00  1.31985843e+00 -1.51707709e+00
  1.57445580e-01 -3.35062355e-01 -1.25328398e+00  4.92453694e-01
  7.46606588e-01  4.60184097e-01 -1.41197789e+00  4.99059677e-01
 -5.56336999e-01 -1.76117301e-01  2.15215635e+00  5.36720157e-01
  9.48764682e-01  1.12888730e+00 -6.07861340e-01  8.03434789e-01
 -1.30258596e+00 -5.51084220e-01 -1.07099116e+00 -9.52341914e-01
  2.59778380e-01 -3.81267071e-01 -2.44174552e+00 -1.56195819e+00
 -8.86094123e-02  5.50266623e-01 -9.22606811e-02 -1.39543903e+00
  9.16474700e-01  8.99354637e-01  3.91866684e-01  6.71423137e-01
 -5.45750797e-01  1.54178548e+00  1.34364033e+00 -2.15362525e+00
 -6.08549654e-01 -5.70957899e-01  9.37434286e-02  3.55141044e-01
 -1.21044743e+00 -3.48100998e-02 -1.89186287e+00  2.58651942e-01
  4.05698985e-01 -3.02677661e-01 -1.61661822e-02 -4.17593420e-01
 -6.47550166e-01  3.60393256e-01  1.04305077e+00 -1.86999053e-01
 -3.43180150e-01 -7.82231092e-01  1.09413254e+00  4.97708358e-02
 -2.03073636e-01  2.03142285e+00 -4.48788404e-01 -6.87241614e-01
 -1.14223994e-01 -2.46538734e+00 -9.69919860e-02  1.40697038e+00
 -6.43053114e-01 -5.41271687e-01  3.68628412e-01 -3.07823326e-02
 -1.28338826e+00  8.17294300e-01 -8.20503831e-01 -1.56285250e+00
 -1.12950408e+00 -1.38701272e+00 -1.29343033e-01  5.33707067e-02
  1.20098627e+00  8.21878910e-01 -1.20421052e+00 -6.44952476e-01
 -8.22503448e-01  9.47215915e-01  1.21263397e+00 -4.39914018e-01
  8.46787155e-01 -5.63834488e-01 -2.19976759e+00 -3.36669683e+00
  1.17905819e+00 -1.70254207e+00 -2.63989866e-01 -5.21595538e-01
 -1.28964055e+00 -6.62024438e-01 -2.25730106e-01 -3.00189346e-01
  1.10965621e+00 -5.82420886e-01 -7.61476219e-01  6.08265586e-02
 -3.09784859e-01 -1.74822783e+00 -6.66217387e-01 -5.56808829e-01
 -6.52392805e-01  9.73164618e-01  3.44239622e-01 -9.30315971e-01
 -8.03226233e-02  2.52644086e+00 -2.74128580e+00 -1.56814742e+00
 -7.77078122e-02 -2.67051011e-01 -1.47273326e+00 -1.54816675e+00
  5.22390306e-01 -1.26987264e-01  1.16885436e+00  7.45813996e-02
 -6.01777911e-01 -8.54028583e-01 -3.76867563e-01 -3.69340405e-02
  1.98416635e-01  1.46776295e+00  1.26183912e-01  1.01156747e+00
 -5.98770261e-01  1.00885428e-01 -4.40468520e-01 -8.79714429e-01
  1.26664436e+00 -4.81585354e-01  9.75652516e-01 -3.03210640e+00
  5.32428384e-01 -7.31114596e-02  7.98885822e-01  8.44832242e-01
  5.53624272e-01  4.57404137e-01 -1.67138383e-01 -5.85563183e-02
  6.94259226e-01 -9.05468762e-01  1.80774164e+00  2.10111475e+00
 -1.70933080e+00 -5.29907763e-01  1.22387707e+00  8.35731566e-01]
	Time : 0:00:00.251902
 }

---------------------------------------
Done injections
