Starting log at 2022-05-07 18:36:51.645373

{
	Count : 10
	Injected : [    519      10     513  524288       5     257  524292      73     261
       8       8      22      13       8    8193 1048581   65545   16391
     515      12  262153     262    1030      13 1048580   32768 1048583
    2052   65536       3   32771       9       2 1048580 1048583  262146
 1048583    4097   65538    1025       9     263    2052 1048578  262147
  131077      65    4098  524292      68      70    1027 1048581      69
       2  524288       0  131073   65545       4      23    4104       8
      35       6 1048580      38    1028  131075  262144      71    2048
   16386   65545   16385   32775  262147       3 1048585    8199      39
      22   65538   16391      24      20     135  524291      38       0
 1048579      70      11       1       0      36     513     519      38
    1033       4 1048576       7 1048580       8      13    2050     129
   32777     132  524296    8199       2   32777     263    8196      12
    1028 1048585   16386      69     132       5    2054      71     137
       2      37      72  131077      14       7  131077       5      72
       0  524288     257       7 1048580  131078      71      35  131073
   65543    8193  524296      18    8192  524290    4105     137    2053
       7      17       7       7  262144    8195  262148   32772      38
      69      68    4102    2053   32772    4101    4097   65540  131076
      15   65538       7    8194      39   16385       0    4097       9
      65   16392    1029     512    4104    1033   32770      21  524288
       9   16385     257   16384    1033    4096     515      17       4
     516     130     515     518       0  262145    1025       1  131081
  131077       0      11  524292      37  524297    1027 1048585       8
      35    2054      37     517       6     130       0  131079 1048577
      18       0    2052     513     519  131075  131075    8200     136
      71     521    2050      18  524292    1025       4    4105    1032
   65543     514    1027       0       4       4       2       4       1
       9       5       7       7]
	OpName : Ops.ARGMAX
	Original : [7 2 1 0 4 1 4 9 5 9 0 6 9 0 1 5 9 7 3 4 9 6 6 5 4 0 7 4 0 1 3 1 3 4 7 2 7
 1 2 1 1 7 4 2 3 5 1 2 4 4 6 3 5 5 6 0 4 1 9 5 7 8 9 3 7 4 6 4 3 0 7 0 2 9
 1 7 3 2 9 7 7 6 2 7 8 4 7 3 6 1 3 6 9 3 1 4 1 7 6 9 6 0 5 4 9 9 2 1 9 4 8
 7 3 9 7 4 4 4 9 2 5 4 7 6 7 9 0 5 8 5 6 6 5 7 8 1 0 1 6 4 6 7 3 1 7 1 8 2
 0 2 9 9 5 5 1 5 6 0 3 4 4 6 5 4 6 5 4 5 1 4 4 7 2 3 2 7 1 8 1 8 1 8 5 0 8
 9 2 5 0 1 1 1 0 9 0 3 1 6 4 2 3 6 1 1 1 3 9 5 2 9 4 5 9 3 9 0 3 6 5 5 7 2
 2 7 1 2 8 4 1 7 3 3 8 8 7 9 2 2 4 1 5 9 8 7 2 3 0 4 4 2 4 1 9 5 7 7]
	Time : 0:00:00.106930
 }

---------------------------------------
Done injections
