Starting log at 2022-05-07 18:36:51.527356

{
	Count : 8
	Injected : [ 4.0961689e+03 -1.3107291e+05 -3.2768508e+04  8.1928506e+03
 -3.1633477e+00 -2.3362240e-01  9.6558559e-01 -1.2967563e+02
  2.6214400e+05  6.9316280e-01 -2.5179386e-02  1.6492792e+01
  9.1438159e-02 -1.0268468e+03 -9.0237314e-01 -1.6384553e+04
  3.2768824e+04  1.6384580e+04  5.1396039e+02 -6.3707209e-01
  8.3829031e+00  2.0487285e+03 -4.0967495e+03  1.6071325e+01
  8.3709055e-01  1.2613751e+00 -1.3107280e+05 -3.4182568e+00
  2.0926144e+00 -2.5668341e+02  1.2903737e+02  8.1929482e+03
 -1.3107330e+05 -2.0687726e+00  2.9853231e-01  2.6214422e+05
  3.1631527e+00 -6.5537422e+04  1.1254945e-01 -8.9700642e+00
  1.3156558e+00  1.0485771e+06 -1.0299611e+00 -4.3748326e+00
 -1.2863354e+02 -6.4535217e+01  3.3519302e+01  6.4371193e+01
 -1.3807724e+00 -8.8788468e-01  2.5656125e+02 -3.2438976e+01
  6.2585235e-01 -5.2428894e+05 -3.6026508e-01  1.8768579e-02
  8.1925527e+03 -3.2768645e+04 -1.1282157e+00 -3.2768387e+04
 -1.6251539e+01 -8.1920254e+03  1.6384963e+04  6.5536039e+04
 -2.0482561e+03  1.6811628e+00  5.8778346e-01 -2.5615433e+02
  1.3107320e+05 -2.5684988e+02  1.6262785e+01  5.2428862e+05
  5.2200520e-01  6.3251430e-01  8.1476724e-01  1.3484563e+00
  1.3107314e+05 -8.9072746e-01  8.1927520e+03  1.3107375e+05
  1.8548360e+00  3.7288308e-01 -1.3171949e+00  6.8721133e-01
  8.1520224e+00 -1.0240471e+03 -1.3335590e+00  8.2490616e-02
 -6.5536070e+04  3.2091572e+01  3.6251545e-03  8.6501467e-01
 -3.0412692e-01  6.8786955e-01 -2.6151770e-01  8.1935322e+03
  2.4507754e+00  2.0487285e+03 -1.0485771e+06  6.5537906e+04
 -3.2505280e+01  3.2768672e+04  5.2428806e+05  6.4430553e-01
  4.0964536e+03  4.5560515e-01  4.0966709e+03  1.4985055e-02
  3.0181141e+00 -5.8978313e-01  4.0969312e+03  2.9113358e-01
 -9.9326682e-01  5.1262360e+02 -6.6482544e-02 -5.1251306e+02
 -3.2563901e+00  1.8454659e+00  1.3107266e+05  3.2768262e+04
  1.6988986e+00 -1.2851096e+02 -3.2071075e+01 -5.2428838e+05
  6.5797661e+01 -6.6972840e-01 -8.1647068e-01  1.3950788e+00
  4.7785749e+00  4.1401121e-01  4.8194222e+00 -1.0253746e+03
  5.2428806e+05  1.7330032e+01 -8.1937139e+03 -2.6214403e+05
 -1.6384797e+04 -2.7294300e+00 -8.1920547e+03  1.7108511e+01
 -2.4080496e+00  8.1929023e+03 -8.7108672e-02 -6.5536047e+04
 -1.0485762e+06  8.1929980e+03 -3.2233791e+01  6.5538773e+04
  3.2381653e+01  1.2850417e+02  7.3196149e-01 -1.6215807e-01
 -4.1673177e-01  5.1332947e+02 -6.4195045e+01 -1.3678005e+00
 -6.0242087e-01  3.3296310e+01 -9.6366954e-01  8.1932471e+03
 -2.5663513e+02  5.2428819e+05  3.2769707e+04  9.8997867e-01
  1.0485781e+06  2.6214631e+05 -4.0970054e+03 -1.1064885e+00
 -6.4861809e+01  6.5021225e+01 -1.3107205e+05  1.6384617e+04
  3.9658961e-01 -1.9260789e+00  6.5070366e+01 -2.6214506e+05
 -3.2768598e+04  1.0485764e+06  5.2693510e-01  2.1136625e+00
  1.9889132e+00  4.2699555e-01 -1.6403494e+01 -9.2191212e-02
 -1.6384805e+04  1.2821634e+02  9.6316315e-02 -4.0961489e+03
 -1.6941439e-01  1.6384553e+04 -2.4983276e-01 -6.0346723e-01
 -6.2367125e+00  4.8315805e-01 -2.5722745e+02 -2.5688306e+02
  8.4522748e-01 -1.1463116e+00 -5.1683486e-03 -2.6214450e+05
  6.5536797e+04 -1.2829510e+02  6.8625104e-01  1.0262629e+03
  6.4065773e+01  1.6384986e+04 -3.9125785e-01 -1.6424402e+01
  2.4898729e+00 -7.2128987e-01 -6.5536094e+04 -5.2428862e+05
 -4.5503869e+00 -3.2228825e+01  1.0254139e+03 -4.8557625e+00
 -3.2769297e+04  2.7509558e-01  1.0485779e+06  1.9961904e+00
  4.0962964e+03  5.2428831e+05  4.4968948e+00 -1.0249591e+03
 -4.0972783e+03 -1.6384252e+04 -5.2429038e+05 -3.0122665e-01
 -5.3230548e-01  1.2083623e+00  5.1286041e+02 -1.3107278e+05
 -5.1228119e+02  9.4882798e-01  1.5118670e-01 -2.5600177e+02
  1.2804150e+02  2.5633508e+02  3.2769145e+04 -1.0240040e+03
  5.1256903e+02 -4.1539451e-01 -3.1806905e+00  1.4614832e+00
 -1.4583879e+00  2.0489797e+03 -2.7606149e+00  2.0434101e+00
 -1.1392632e-01 -2.1614850e-02 -6.1096114e-01 -1.5451026e+00
 -7.7225214e-01 -1.1647907e-01 -6.3673317e-01 -3.3461261e-01]
	OpName : Ops.IDENTITY
	Original : [ 1.69061974e-01 -9.12521660e-01 -5.09145319e-01  8.50923479e-01
 -1.16334772e+00 -2.49247402e-01  4.65585560e-01 -1.67563605e+00
  3.94137995e-03  6.30662799e-01 -1.02517939e+00  4.92791593e-01
  1.22688159e-01 -2.84675789e+00 -7.77373135e-01 -5.53394079e-01
  8.23752224e-01  5.79448164e-01  1.96041238e+00 -6.68322086e-01
  3.82903486e-01  7.28589118e-01 -7.49360979e-01  7.13256672e-02
  5.87090552e-01  1.25356257e+00 -8.00477684e-01 -1.41825676e+00
  9.26144421e-02 -6.83423996e-01  1.03737521e+00  9.48226571e-01
 -1.29406023e+00 -6.87726215e-02  2.82907307e-01  2.11225316e-01
  2.16315269e+00 -1.42301333e+00  1.10596322e-01 -9.70064044e-01
  1.31370270e+00  1.15714848e+00 -1.02214861e+00 -3.74832451e-01
 -6.33542597e-01 -5.35215735e-01  1.51930332e+00  3.71192902e-01
 -3.80772412e-01 -8.86908114e-01  5.61244190e-01 -4.38978076e-01
  5.00852346e-01 -9.43617105e-01 -8.60265076e-01  2.68768579e-01
  5.52331448e-01 -6.45424426e-01 -1.28215715e-01 -3.88439775e-01
 -2.51540124e-01 -2.52765268e-02  9.62575734e-01  3.68169993e-02
 -2.56115615e-01  6.81162775e-01  7.12783456e-01 -1.54324055e-01
  1.20315206e+00 -8.49884391e-01  2.62785435e-01  6.39729619e-01
  5.84505200e-01  6.40326798e-01  5.64767241e-01  1.28595626e+00
  1.13529277e+00 -9.53227460e-01  7.51580477e-01  1.74658978e+00
  8.54835927e-01  3.41633081e-01 -1.31914806e+00  6.85258210e-01
  1.52022660e-01 -4.71687317e-02 -3.33558977e-01  9.03031155e-02
 -6.88190460e-02  9.15707871e-02  1.00362515e+00  6.15014672e-01
 -2.88501918e-01  6.88846111e-01 -3.24017704e-01  1.53183424e+00
  4.50775474e-01  7.28584588e-01 -1.09613943e+00  1.90999818e+00
 -5.05277872e-01  6.71722651e-01  3.89337651e-02  1.44305512e-01
  4.53570634e-01  4.63417649e-01  6.70875728e-01  2.64985055e-01
  3.04936409e+00 -6.21033132e-01  9.31006432e-01  3.06758583e-01
 -9.62016821e-01  6.23571396e-01 -3.16482544e-01 -5.13089001e-01
 -1.25638998e+00  1.78296590e+00  6.56495571e-01  2.63561994e-01
  6.98898494e-01 -5.10961235e-01 -7.10738376e-02 -3.63685906e-01
  1.79765952e+00 -7.32228398e-01 -7.53970683e-01  1.39703190e+00
  7.78574944e-01  1.64011210e-01  8.19422364e-01 -1.37467873e+00
  7.91940764e-02  1.33003247e+00 -1.71417189e+00 -2.20354106e-02
 -7.96511292e-01 -7.29429901e-01 -5.43002598e-02  1.10851014e+00
 -2.41195583e+00  9.02789354e-01 -7.14836717e-02 -4.81869243e-02
 -2.80795157e-01  9.97853637e-01 -2.33792424e-01  2.77425241e+00
  3.81653696e-01  5.04169464e-01  7.24148989e-01 -1.63134634e-01
 -9.16731775e-01  1.32945526e+00 -1.95044592e-01 -1.11780047e+00
 -6.06327116e-01  1.29631102e+00 -4.63669509e-01  1.24675155e+00
 -6.35119438e-01  1.63540453e-01  1.70754421e+00  9.91931796e-01
  2.17244911e+00  2.31065750e+00 -1.00535631e+00 -1.10844159e+00
 -8.61811638e-01  1.02122784e+00 -4.94648144e-02  6.17906630e-01
  2.71589607e-01 -1.98857892e+00  1.07036602e+00 -1.05208743e+00
 -5.99452436e-01  3.75300139e-01  7.76935101e-01  2.36366248e+00
  1.48891318e+00  3.01995546e-01 -4.03494328e-01 -9.31677744e-02
 -8.04846168e-01  2.16332451e-01  9.43631902e-02 -1.48770541e-01
 -1.61601886e-01  5.52327514e-01 -1.24832764e-01 -8.53467226e-01
 -2.23671246e+00  3.58158052e-01 -1.22745287e+00 -8.83045971e-01
  9.70227480e-01 -1.20881164e+00 -1.30168349e-01 -4.86268640e-01
  7.98946738e-01 -2.95103967e-01  6.82344794e-01  2.26288843e+00
  6.57731146e-02  9.85491514e-01 -1.41257852e-01 -4.24402267e-01
  4.89872903e-01 -7.29102373e-01 -9.52755585e-02 -6.51016295e-01
 -5.50387084e-01 -2.28824109e-01  1.41399026e+00 -8.55762601e-01
 -1.29681492e+00  3.06345582e-01  1.92423666e+00  1.93369043e+00
  2.96235651e-01  3.22073609e-01  4.96894777e-01 -9.59054828e-01
 -1.27852941e+00 -2.52896756e-01 -2.37778687e+00 -2.97320396e-01
 -5.40117979e-01  1.21031547e+00  8.60440075e-01 -7.79503644e-01
 -2.81170309e-01  1.94882798e+00  1.55092955e-01 -1.78517378e-03
  4.15078364e-02  3.35097551e-01  1.14420938e+00 -4.04095417e-03
  5.69047272e-01 -4.31019515e-01 -2.18069053e+00  1.45367074e+00
 -1.45741129e+00  9.79698241e-01 -2.76061487e+00  2.04341006e+00
 -1.13926321e-01 -2.16148496e-02 -6.10961139e-01 -1.54510260e+00
 -7.72252142e-01 -1.16479069e-01 -6.36733174e-01 -3.34612608e-01]
	Time : 0:00:00.109814
 }
{
	Count : 11
	Injected : [[-3.7834346e-02  2.5624460e+02  3.2768602e+04 ...  1.0241763e+03
   1.0744724e+00  4.6230993e+00]
 [-6.4031631e+01  8.1484594e+00  7.1123320e-01 ...  1.6384268e+04
   8.1921816e+03  6.4567947e+01]
 [ 2.0488777e+03  4.8228085e-01  5.1417768e-02 ... -2.0483101e+03
   4.2259526e+00 -2.7662625e+00]
 ...
 [-4.0961680e+03  3.5751987e-01  8.0237207e+00 ...  2.0123742e+00
  -2.3593187e-01  6.6956121e-01]
 [-1.7440104e-01 -1.2918661e+02 -5.1269598e+02 ... -2.0485811e+03
  -4.1090369e-01 -5.2428888e+05]
 [ 1.0618042e-01  2.9614300e-01  6.2072283e-01 ... -5.6552070e-01
   2.4239832e-01 -1.8577826e-01]]
	OpName : Ops.IDENTITY
	Original : [[-0.00658435  0.24461088  0.6006748  ...  0.17623235  0.07447249
   0.62309927]
 [-0.03163263  0.14845906  0.21123318 ...  0.2666575   0.18135032
   0.5679439 ]
 [ 0.8775773   0.41978085  0.55141777 ... -0.30998477  0.22595242
  -0.7662624 ]
 ...
 [-0.16803765  0.35361362  0.02372066 ...  0.01237411 -0.20468187
   0.9195612 ]
 [-0.04940105 -1.1866224  -0.69597185 ... -0.5811528  -0.41188025
  -0.8975278 ]
 [ 0.10618042  0.296143    0.62072283 ... -0.5655207   0.24239832
  -0.18577826]]
	Time : 0:00:00.826523
 }

---------------------------------------
Done injections
