Starting log at 2022-04-30 19:10:01.479084

{
	Count : 1
	Injected : [[[[0. 0. 0. ... 0. 0. 0.]
   [0. 0. 0. ... 0. 0. 0.]
   [0. 0. 0. ... 0. 0. 0.]
   ...
   [0. 0. 0. ... 0. 0. 0.]
   [0. 0. 0. ... 0. 0. 0.]
   [0. 0. 0. ... 0. 0. 0.]]

  [[0. 0. 0. ... 0. 0. 0.]
   [0. 0. 0. ... 0. 0. 0.]
   [0. 0. 0. ... 0. 0. 0.]
   ...
   [0. 0. 0. ... 0. 0. 0.]
   [0. 0. 0. ... 0. 0. 0.]
   [0. 0. 0. ... 0. 0. 0.]]]


 [[[0. 0. 0. ... 0. 0. 0.]
   [0. 0. 0. ... 0. 0. 0.]
   [0. 0. 0. ... 0. 0. 0.]
   ...
   [0. 0. 0. ... 0. 0. 0.]
   [0. 0. 0. ... 0. 0. 0.]
   [0. 0. 0. ... 0. 0. 0.]]

  [[0. 0. 0. ... 0. 0. 0.]
   [0. 0. 0. ... 0. 0. 0.]
   [0. 0. 0. ... 0. 0. 0.]
   ...
   [0. 0. 0. ... 0. 0. 0.]
   [0. 0. 0. ... 0. 0. 0.]
   [0. 0. 0. ... 0. 0. 0.]]]]
	OpName : Ops.FILL
	Original : [[[[0. 0. 0. ... 0. 0. 0.]
   [0. 0. 0. ... 0. 0. 0.]
   [0. 0. 0. ... 0. 0. 0.]
   ...
   [0. 0. 0. ... 0. 0. 0.]
   [0. 0. 0. ... 0. 0. 0.]
   [0. 0. 0. ... 0. 0. 0.]]

  [[0. 0. 0. ... 0. 0. 0.]
   [0. 0. 0. ... 0. 0. 0.]
   [0. 0. 0. ... 0. 0. 0.]
   ...
   [0. 0. 0. ... 0. 0. 0.]
   [0. 0. 0. ... 0. 0. 0.]
   [0. 0. 0. ... 0. 0. 0.]]]


 [[[0. 0. 0. ... 0. 0. 0.]
   [0. 0. 0. ... 0. 0. 0.]
   [0. 0. 0. ... 0. 0. 0.]
   ...
   [0. 0. 0. ... 0. 0. 0.]
   [0. 0. 0. ... 0. 0. 0.]
   [0. 0. 0. ... 0. 0. 0.]]

  [[0. 0. 0. ... 0. 0. 0.]
   [0. 0. 0. ... 0. 0. 0.]
   [0. 0. 0. ... 0. 0. 0.]
   ...
   [0. 0. 0. ... 0. 0. 0.]
   [0. 0. 0. ... 0. 0. 0.]
   [0. 0. 0. ... 0. 0. 0.]]]]
	Time : 0:00:00.008268
 }
{
	Count : 3
	Injected : [[[[0. 0. 0. ... 0. 0. 0.]
   [0. 0. 0. ... 0. 0. 0.]
   [0. 0. 0. ... 0. 0. 0.]
   ...
   [0. 0. 0. ... 0. 0. 0.]
   [0. 0. 0. ... 0. 0. 0.]
   [0. 0. 0. ... 0. 0. 0.]]

  [[0. 0. 0. ... 0. 0. 0.]
   [0. 0. 0. ... 0. 0. 0.]
   [0. 0. 0. ... 0. 0. 0.]
   ...
   [0. 0. 0. ... 0. 0. 0.]
   [0. 0. 0. ... 0. 0. 0.]
   [0. 0. 0. ... 0. 0. 0.]]]


 [[[0. 0. 0. ... 0. 0. 0.]
   [0. 0. 0. ... 0. 0. 0.]
   [0. 0. 0. ... 0. 0. 0.]
   ...
   [0. 0. 0. ... 0. 0. 0.]
   [0. 0. 0. ... 0. 0. 0.]
   [0. 0. 0. ... 0. 0. 0.]]

  [[0. 0. 0. ... 0. 0. 0.]
   [0. 0. 0. ... 0. 0. 0.]
   [0. 0. 0. ... 0. 0. 0.]
   ...
   [0. 0. 0. ... 0. 0. 0.]
   [0. 0. 0. ... 0. 0. 0.]
   [0. 0. 0. ... 0. 0. 0.]]]]
	OpName : Ops.ADD
	Original : [[[[0. 0. 0. ... 0. 0. 0.]
   [0. 0. 0. ... 0. 0. 0.]
   [0. 0. 0. ... 0. 0. 0.]
   ...
   [0. 0. 0. ... 0. 0. 0.]
   [0. 0. 0. ... 0. 0. 0.]
   [0. 0. 0. ... 0. 0. 0.]]

  [[0. 0. 0. ... 0. 0. 0.]
   [0. 0. 0. ... 0. 0. 0.]
   [0. 0. 0. ... 0. 0. 0.]
   ...
   [0. 0. 0. ... 0. 0. 0.]
   [0. 0. 0. ... 0. 0. 0.]
   [0. 0. 0. ... 0. 0. 0.]]]


 [[[0. 0. 0. ... 0. 0. 0.]
   [0. 0. 0. ... 0. 0. 0.]
   [0. 0. 0. ... 0. 0. 0.]
   ...
   [0. 0. 0. ... 0. 0. 0.]
   [0. 0. 0. ... 0. 0. 0.]
   [0. 0. 0. ... 0. 0. 0.]]

  [[0. 0. 0. ... 0. 0. 0.]
   [0. 0. 0. ... 0. 0. 0.]
   [0. 0. 0. ... 0. 0. 0.]
   ...
   [0. 0. 0. ... 0. 0. 0.]
   [0. 0. 0. ... 0. 0. 0.]
   [0. 0. 0. ... 0. 0. 0.]]]]
	Time : 0:00:00.022293
 }

---------------------------------------
Done injections
