Starting log at 2022-05-07 18:25:01.364576

{
	Count : 6
	Injected : [ 2.38317513e+00 -8.69074345e+00 -1.63861387e+04 -3.27688750e+04
  3.27690703e+04  1.28750580e+02 -1.31072156e+05  2.56071533e+02
  5.28322792e+00  5.12586792e+02  9.06177163e-01 -3.19069266e-01
 -5.24288750e+05  1.17247188e+00 -1.36409983e-01 -6.55360703e+04
 -3.22038536e+01 -1.02483289e+03 -1.19807839e-01  4.93919015e-01
 -2.55127692e+00  1.28452972e+02 -1.04857688e+06 -5.24289188e+05
 -8.13164175e-01  3.27204857e+01 -1.63849277e+04  8.34721327e-01
  3.27694922e+04 -1.28461975e+02 -6.55364453e+04 -1.63842617e+04
  1.56447396e-01  4.09650293e+03 -1.16130203e-01 -4.04945374e-01
  6.55365156e+04  6.47774658e+01 -1.46846473e-01  5.24289188e+05
  8.71319354e-01 -1.31072625e+05  1.04857650e+06 -7.51133561e-01
  2.55461025e+00  6.42889938e+01 -6.66368256e+01 -7.25110531e-01
 -4.73893356e+00  1.29178055e+02 -1.02447058e+03 -5.12909058e+02
 -6.17071295e+00  3.27684297e+04  1.61063600e+00  2.04876221e+03
 -1.23072147e-01 -6.40891724e+01 -1.02449988e+03 -1.02483557e+03
 -2.62144375e+05  6.55367734e+04 -2.09238124e+00  3.27681250e+04
 -1.87571354e+01  8.13163567e+00  1.02852786e+00  6.54135437e+01
  1.04857638e+06  8.19241895e+03 -4.09735205e+03  1.62418580e+00
 -2.04854468e+03 -8.21802497e-01  4.80492115e-02  8.34935093e+00
  1.77897468e-01  2.62144281e+05 -1.04857700e+06 -5.12003906e+02
  1.28443897e+00  4.68483359e-01 -2.62144875e+05 -1.04857800e+06
  1.36802399e+00  3.51274386e-02 -1.42937638e-02  1.70292720e-01
  3.27695977e+04  1.75244293e+01 -1.27996767e+00  4.09708057e+03
 -1.28222458e+02  9.48933792e+00  7.50885010e-02 -9.29280996e-01
 -5.24288062e+05  5.14325378e+02 -1.04857700e+06  1.13981736e+00
  4.90376139e+00  1.63842461e+04  8.19383789e+03 -1.17084932e+00
 -1.61369812e+00  1.65347159e+00 -1.61911888e+01 -8.19374902e+03
  6.99957132e-01  1.04857700e+06 -1.31073250e+05 -2.82376122e+00
  2.35104829e-01 -1.38185406e+00  5.12253479e+02 -6.52141724e+01
  6.55370859e+04  4.09617529e+03 -3.31955075e+00  8.29755497e+00
 -5.12215316e-01 -1.24744606e+00 -1.04857712e+06 -1.04857762e+06
  1.10363197e+00 -1.65337982e+01  6.55361484e+04 -3.30936775e+01
 -4.71423447e-01 -3.79204345e+00  8.05150449e-01 -8.01435852e+00
 -3.22484436e+01  1.07303715e+01  4.79099274e+00  1.34556901e+00
 -6.55389844e+04  8.19275977e+03  1.84153309e+01  1.04857662e+06
  3.74916703e-01 -5.63086331e-01  3.04327440e+00 -2.62144562e+05
  1.33780271e-01  1.31072250e+05  1.07169890e+00 -1.76846087e-02
  3.24758863e+00  1.63241982e-01  5.24290062e+05 -3.27685547e+04
  1.70110855e+01 -2.56713033e-01 -8.96793938e+00 -7.84113109e-01
 -1.02449084e+03 -2.79757589e-01 -5.24288125e+05  2.62145281e+05
 -1.45393312e+00 -4.33816791e-01 -4.44007307e-01  2.01356634e-02
 -3.32920685e+01 -2.56835693e+02 -9.46772173e-02  4.94445711e-01
  3.21795225e+00  8.22614014e-01 -3.27688320e+04 -1.71987510e+00
 -1.63843730e+04 -2.93186754e-01  8.98068237e+00 -2.72333771e-01
  1.04857612e+06 -1.50938129e+00 -1.04857688e+06  2.64457679e+00
  6.55783892e-01  2.29308701e+00 -1.29700541e-01  3.65144312e-01
  2.42767286e+00 -4.81115246e+00  1.63841016e+04 -1.65740242e+01
  1.04857600e+06  3.28295112e+00 -1.04857612e+06  2.04896948e+03
 -9.59397405e-02  1.02414600e+03 -6.20635569e-01  8.30303860e+00
 -1.02486780e+03 -1.31072125e+05 -1.63849629e+04 -1.04857738e+06
 -1.41498655e-01 -1.89038410e+01 -8.62786353e-01  1.39839935e+00
 -4.95666409e+00  8.19216797e+03  2.62145500e+05 -8.81370640e+00
  3.23750687e+01  1.02594275e+03  4.09624316e+03  4.73380208e-01
  3.27576981e+01 -1.04857925e+06  4.39493448e-01  1.16085756e+00
  7.48886108e-01  5.24289812e+05 -1.22297370e+00  5.13952087e+02
 -5.60726047e-01 -4.28986931e+00 -2.16611099e+00 -6.40771255e+01
  2.58084750e+00  2.04824634e+03  5.24288188e+05  9.51981485e-01
  1.12439632e+00  9.58590269e-01 -4.66571283e+00 -4.09759961e+03
 -5.24288250e+05 -5.24288188e+05 -1.04857675e+06 -1.27874267e+00
 -1.31072078e+05 -1.14433551e+00 -1.04857625e+06  3.27694531e+04
 -1.22775900e+00  6.45618286e+01  7.07806587e-01  3.25371027e-01
 -7.90211558e-01 -1.30963683e+00  5.20484269e-01  3.85667413e-01
  8.38502407e-01 -1.24653846e-01  6.95098162e-01  1.67928195e+00
 -1.96343553e+00 -3.82566810e-01  5.97982466e-01  9.81116056e-01]
	OpName : Ops.IDENTITY
	Original : [ 2.3988001  -0.69074345 -2.1383007  -0.87502295  1.0711411   0.7505839
 -0.1637297   0.07154509  1.2832279   0.5867717   0.9052006  -0.33469427
 -0.7358795   1.1568469  -0.16765998 -0.07297631 -0.20385277 -0.83290815
 -1.1198078   0.47829401 -2.051277    0.4529776  -0.81808287 -1.1697022
 -0.5631642   0.7204871  -0.9285346   0.8308151   1.4925405  -0.46197036
 -0.44323564 -0.26220882  0.15840052  0.5027546  -0.1239427  -0.9049454
  0.5194005   0.77746457 -0.13122147  1.1762737   0.84006935 -0.61996275
  0.5524789  -0.2511336   2.6796103   0.28899026 -2.636829   -0.7231574
 -0.73893356  1.1780586  -0.47062075 -0.9090528  -2.170713    0.42843223
  1.6145422   0.76213557 -1.1230721  -0.08917139 -0.49991295 -0.8355279
 -0.3731284   0.76987374 -2.0767562   0.12562513 -2.7571347   0.13163614
  1.0597779   1.4135474   0.33571616  0.4186517  -1.3519443   1.1241858
 -0.5446761  -0.9468025   1.0480492   0.34935102  0.17399122  0.28897285
 -1.0526327  -0.0039249   1.2883452   0.46067086 -0.8890599  -1.9501251
  1.3602115   0.04293994 -0.01527033  0.13904272  1.5981712   1.5244285
 -1.2721552   1.0806731  -0.2224517   1.489338    0.5750885  -0.679281
 -0.05879055  2.325367   -1.0156343   0.1398174   0.9037612   0.24644747
  1.8379642  -1.0458493  -1.6146747   1.5284716  -0.19118828 -1.7488488
  2.6999571   0.96892196 -1.255136   -2.9487612   0.24291733 -1.3808775
  0.25347978 -1.2141728   1.0890566   0.1753451  -1.3195508   0.29755482
 -0.5044028  -0.24744605 -1.135269   -1.627772    1.1046085  -0.53379846
  0.1493247  -1.0936763  -0.4753297  -1.7920434   0.78952545 -0.01435884
 -0.24844351  2.730371    0.7909929   1.314319   -2.9826157   0.760117
  2.4153316   0.5706029   0.12491671 -0.50058633  1.0432743  -0.5635677
  0.14940527  0.24434073  1.0638864  -0.14268461  3.2436824   0.13199198
  2.0369334  -0.5559699   1.0110854  -1.256713   -0.96793944 -0.7528631
 -0.49084538 -0.02975758 -0.1435637   1.271169   -1.4851831  -0.4181918
 -0.4596323   0.05138566 -1.2920703  -0.8356947  -0.03217722  0.3694457
  1.2179523   0.853864   -0.8334182  -1.7188985  -0.37330964 -0.29416332
  0.98068225 -0.27331033  0.12584892 -0.50938135 -0.8746028   0.6445768
  1.6557839   2.261837   -0.12579429  0.3026443   0.42767298 -0.8111524
  0.10247566 -0.5740236   0.03053969  3.032951   -0.08334061  0.9695601
 -0.09398662  0.14594853 -0.619659    0.3030385  -0.867771   -0.11929476
 -0.9637656  -1.3665906  -0.14931116 -2.9038417  -0.8666926   1.3964462
 -0.9566641   0.1683241   1.4944597  -0.81370646  0.3750693   1.9427869
  0.24310553  1.4733802   0.75769794 -3.2691631   0.45511845  1.16867
  0.24888614  1.8367085  -1.2190675   1.9521031  -0.55291355 -0.28986943
 -2.181736   -0.0771235   2.5183475   0.2462897   0.2008709   0.7019815
  1.0931463   0.4585903  -0.665713   -1.5994238  -0.2548574  -0.20688461
 -0.7449149  -1.0287427  -0.0735149  -0.14433546 -0.20307904  1.4513992
 -1.477759    0.5618253   0.7097597   0.34099603 -0.29021153 -1.4346368
  0.52048427  0.3856674   0.8385024  -0.12465385  0.69509816  1.679282
 -1.9634355  -0.3825668   0.59798247  0.98111606]
	Time : 0:00:00.091551
 }
{
	Count : 7
	Injected : [[-6.1991882e-01  1.6384512e+04  4.3714013e+00 ... -6.5577376e-01
  -2.7251178e-01 -1.0248101e+03]
 [ 3.8485665e+00  1.0868217e-01  5.1274677e+02 ... -8.1923467e+03
  -1.0485766e+06  1.3933824e+00]
 [-1.0816046e+00 -1.7671744e+00  9.9939090e-01 ... -4.9634337e-01
   2.1276143e-01 -4.0982266e+03]
 ...
 [-5.1326666e+02  3.1476861e-01  8.3612823e+00 ... -7.2310954e-01
  -4.7696123e+00  1.0485764e+06]
 [ 1.0240242e+03  1.4098423e+00  2.6703253e-01 ...  3.8594315e+00
   2.1893058e+00 -1.3107248e+05]
 [ 8.1921289e+03 -1.3107400e+05  5.2835882e-01 ...  1.5260155e-01
  -7.2144955e-01 -4.4452605e-01]]
	OpName : Ops.IDENTITY
	Original : [[-1.6199188   0.5111586   0.37140113 ... -0.53077376 -0.27055866
  -0.8100269 ]
 [ 1.8485665   0.04618217  0.74675816 ... -0.34640738 -0.63972
   1.4558824 ]
 [-0.08160456 -1.2671744   0.4993909  ... -0.48071837  0.08776142
  -2.2263217 ]
 ...
 [-1.2666447   0.3225811   0.36128217 ... -0.66060954 -0.7696121
   0.39001045]
 [ 0.02419059  0.40984228  0.26898566 ...  1.8594315   2.193212
  -0.48634064]
 [ 0.1286554  -1.9943178   0.0283588  ...  0.15260155 -0.72144955
  -0.44452605]]
	Time : 0:00:17.712814
 }
