Starting log at 2022-05-07 18:25:02.123919

{
	Count : 10
	Injected : [ 135    3 8193 ...    4    5    6]
	OpName : Ops.ARGMAX
	Original : [7 2 1 ... 4 5 6]
	Time : 0:00:02.270480
 }
{
	Count : 11
	Injected : [ 2.27380013e+00 -4.69074345e+00 -5.24290125e+05 -2.87502289e+00
  1.32114112e+00  1.04857675e+06 -6.55361641e+04  3.21545094e-01
  5.13283203e+02  8.36771727e-01  1.04857688e+06 -1.63843340e+04
 -3.27687344e+04  1.03184688e+00 -4.09616748e+03 -8.86013135e-02
 -4.20385265e+00 -2.83290815e+00 -1.31073125e+05  2.47829390e+00
 -2.04737067e+00  9.52977598e-01 -4.09681787e+03 -1.18532717e+00
 -5.67070425e-01  1.67204876e+01 -1.63849277e+04  8.83081532e+00
  1.02549255e+03 -6.55364609e+04 -1.31072438e+05 -5.24288250e+05
  1.02415845e+03  5.03731191e-01 -3.73942703e-01 -2.56904938e+02
  2.51940060e+00  7.79417694e-01 -8.13122177e+00  1.71762733e+01
  2.56840057e+02 -1.31072625e+05  4.09655225e+03 -5.12251160e+02
  2.67570400e+00  3.22889900e+01 -1.63866367e+04 -9.73157406e-01
 -9.88933563e-01  1.02517810e+03 -4.74527001e-01 -4.09690918e+03
 -1.81707134e+01  5.24288438e+05  1.62235475e+00  6.47621384e+01
 -2.04912305e+03 -2.66713947e-02 -1.31072500e+05 -1.04857688e+06
 -2.04837305e+03  8.94873738e-01 -1.30076752e+02  8.12562561e+00
 -6.55387578e+04  5.24288125e+05  6.55370625e+04  1.42135990e+00
  3.31809908e-01  5.24288438e+05 -2.57351959e+02  8.19312402e+03
 -7.94676125e-01 -8.84302497e-01  4.80492115e-02  1.28349350e+02
  1.81803718e-01  2.56288971e+02 -1.29052628e+02 -4.09600391e+03
  2.04928833e+03  4.09646045e+03 -1.02488904e+03 -6.59501266e+01
  1.36411774e+00  1.60429401e+01 -1.33172013e-02  1.31072141e+05
  1.04857762e+06  9.52442837e+00 -1.25653017e+00  3.30806732e+01
 -2.26357952e-01  1.23933804e+00  5.24288562e+05 -1.66792812e+01
 -2.62144062e+05  5.24290312e+05 -2.04901562e+03  6.39817417e-01
  1.31072906e+05  2.30822474e-01  6.58379669e+01 -4.09704590e+03
 -1.61369812e+00  1.31073531e+05 -8.19219141e+03 -2.62145750e+05
  1.06999569e+01  1.96892190e+00 -1.26294851e+00 -2.69876122e+00
  1.04857625e+06 -9.38087749e+00  5.24288250e+05 -1.21807909e+00
  1.33905661e+00  2.37845093e-01 -2.04931958e+03  3.22975540e+01
 -5.12215316e-01 -1.22446045e-01 -1.71352692e+01 -8.19362793e+03
  2.04910449e+03 -8.19253418e+03  5.24288125e+05 -1.02509363e+03
 -1.64753304e+01 -5.13792053e+02  7.93431699e-01 -3.20143585e+01
 -1.23443514e-01  2.72939444e+00  1.31072797e+05  1.81431901e+00
 -1.31074984e+05  7.52304494e-01  2.29033160e+00  5.71579456e-01
  1.22963585e-01 -5.63086331e-01  6.55370469e+04 -1.65635681e+01
  2.44052708e-02  5.24288250e+05  2.57063873e+02 -1.63841426e+04
  1.02724365e+03  1.94491982e-01  2.04474592e+00 -5.54993331e-01
  1.13608539e+00 -8.19325684e+03 -9.60126936e-01 -8.19275293e+03
 -4.86939132e-01 -2.58513335e-02 -2.62144156e+05  1.02527112e+03
 -3.27694844e+04 -5.24288438e+05 -3.24596329e+01  1.63840508e+04
 -8.19329199e+03 -8.43507171e-01 -1.04857600e+06  4.09636963e+03
  1.21599913e+00  4.09685400e+03 -1.31072828e+05 -1.73452353e+00
 -3.65497142e-01 -2.56294159e+02  1.63849805e+04 -1.04857625e+06
  2.62144125e+05 -9.38135386e-03 -1.02487463e+03  6.46445770e+01
  6.55376562e+04  2.05026172e+03 -7.94291496e-04  2.87019312e-01
  2.42767286e+00 -8.19281152e+03  2.10247564e+00 -3.25740242e+01
  4.09603076e+03  3.27710312e+04 -3.33340615e-01  9.38310087e-01
 -2.56093994e+02  3.27681445e+04 -3.26196594e+01  6.43030396e+01
 -9.92771029e-01 -8.80447552e-02 -4.09696387e+03 -1.31073359e+05
 -4.09614941e+03 -5.24290875e+05 -2.56866699e+02  1.14644623e+00
 -9.87914085e-01  3.21683235e+01  4.09749463e+03 -3.27688125e+04
  1.37506926e+00  1.69278693e+00  2.27480531e-01  1.97338021e+00
  5.12757690e+02 -6.72691650e+01  6.55364531e+04  8.19316895e+03
  1.04857625e+06  6.58367081e+01 -1.23469245e+00  1.04857800e+06
 -2.62144562e+05 -2.56289856e+02 -3.18173599e+00 -3.27123493e-01
  2.58084750e+00  6.42462921e+01  2.62144188e+05  2.56701996e+02
  1.21814632e+00  4.09645850e+03 -1.04857662e+06 -3.35994225e+01
 -7.54857421e-01 -1.02420691e+03 -6.19914889e-01 -1.02502869e+03
 -5.12073486e+02 -1.02414429e+03 -2.34329045e-01  1.04857750e+06
 -2.62145469e+05  5.60848713e-01  6.47259712e-01  8.40996027e-01
 -1.63842910e+04 -1.43073058e+00  5.20484269e-01  3.85667413e-01
  8.38502407e-01 -1.24653846e-01  6.95098162e-01  1.67928195e+00
 -1.96343553e+00 -3.82566810e-01  5.97982466e-01  9.81116056e-01]
	OpName : Ops.IDENTITY
	Original : [ 2.3988001  -0.69074345 -2.1383007  -0.87502295  1.0711411   0.7505839
 -0.1637297   0.07154509  1.2832279   0.5867717   0.9052006  -0.33469427
 -0.7358795   1.1568469  -0.16765998 -0.07297631 -0.20385277 -0.83290815
 -1.1198078   0.47829401 -2.051277    0.4529776  -0.81808287 -1.1697022
 -0.5631642   0.7204871  -0.9285346   0.8308151   1.4925405  -0.46197036
 -0.44323564 -0.26220882  0.15840052  0.5027546  -0.1239427  -0.9049454
  0.5194005   0.77746457 -0.13122147  1.1762737   0.84006935 -0.61996275
  0.5524789  -0.2511336   2.6796103   0.28899026 -2.636829   -0.7231574
 -0.73893356  1.1780586  -0.47062075 -0.9090528  -2.170713    0.42843223
  1.6145422   0.76213557 -1.1230721  -0.08917139 -0.49991295 -0.8355279
 -0.3731284   0.76987374 -2.0767562   0.12562513 -2.7571347   0.13163614
  1.0597779   1.4135474   0.33571616  0.4186517  -1.3519443   1.1241858
 -0.5446761  -0.9468025   1.0480492   0.34935102  0.17399122  0.28897285
 -1.0526327  -0.0039249   1.2883452   0.46067086 -0.8890599  -1.9501251
  1.3602115   0.04293994 -0.01527033  0.13904272  1.5981712   1.5244285
 -1.2721552   1.0806731  -0.2224517   1.489338    0.5750885  -0.679281
 -0.05879055  2.325367   -1.0156343   0.1398174   0.9037612   0.24644747
  1.8379642  -1.0458493  -1.6146747   1.5284716  -0.19118828 -1.7488488
  2.6999571   0.96892196 -1.255136   -2.9487612   0.24291733 -1.3808775
  0.25347978 -1.2141728   1.0890566   0.1753451  -1.3195508   0.29755482
 -0.5044028  -0.24744605 -1.135269   -1.627772    1.1046085  -0.53379846
  0.1493247  -1.0936763  -0.4753297  -1.7920434   0.78952545 -0.01435884
 -0.24844351  2.730371    0.7909929   1.314319   -2.9826157   0.760117
  2.4153316   0.5706029   0.12491671 -0.50058633  1.0432743  -0.5635677
  0.14940527  0.24434073  1.0638864  -0.14268461  3.2436824   0.13199198
  2.0369334  -0.5559699   1.0110854  -1.256713   -0.96793944 -0.7528631
 -0.49084538 -0.02975758 -0.1435637   1.271169   -1.4851831  -0.4181918
 -0.4596323   0.05138566 -1.2920703  -0.8356947  -0.03217722  0.3694457
  1.2179523   0.853864   -0.8334182  -1.7188985  -0.37330964 -0.29416332
  0.98068225 -0.27331033  0.12584892 -0.50938135 -0.8746028   0.6445768
  1.6557839   2.261837   -0.12579429  0.3026443   0.42767298 -0.8111524
  0.10247566 -0.5740236   0.03053969  3.032951   -0.08334061  0.9695601
 -0.09398662  0.14594853 -0.619659    0.3030385  -0.867771   -0.11929476
 -0.9637656  -1.3665906  -0.14931116 -2.9038417  -0.8666926   1.3964462
 -0.9566641   0.1683241   1.4944597  -0.81370646  0.3750693   1.9427869
  0.24310553  1.4733802   0.75769794 -3.2691631   0.45511845  1.16867
  0.24888614  1.8367085  -1.2190675   1.9521031  -0.55291355 -0.28986943
 -2.181736   -0.0771235   2.5183475   0.2462897   0.2008709   0.7019815
  1.0931463   0.4585903  -0.665713   -1.5994238  -0.2548574  -0.20688461
 -0.7449149  -1.0287427  -0.0735149  -0.14433546 -0.20307904  1.4513992
 -1.477759    0.5618253   0.7097597   0.34099603 -0.29021153 -1.4346368
  0.52048427  0.3856674   0.8385024  -0.12465385  0.69509816  1.679282
 -1.9634355  -0.3825668   0.59798247  0.98111606]
	Time : 0:00:02.341040
 }
{
	Count : 12
	Injected : [[-2.0496199e+03  3.2768512e+04  8.7140113e-01 ... -1.5307738e+00
  -2.6665241e-01 -8.0612063e-01]
 [ 5.8485665e+00  2.9618216e-01  1.7467582e+00 ... -1.0243464e+03
  -6.3776690e-01  1.4636949e+00]
 [-1.9104555e-02 -1.3107327e+05  1.0244994e+03 ... -4.0964810e+03
   1.3107209e+05 -4.0982266e+03]
 ...
 [-1.2978947e+00  3.3820611e-01  4.8628217e-01 ... -3.2660610e+01
  -1.0247697e+03  4.5251045e-01]
 [ 1.2802419e+02  4.0886572e-01  2.7289191e-01 ...  1.8672440e+00
   1.6386193e+04 -4.8731720e-01]
 [ 1.0485761e+06 -1.9786928e+00  1.0240283e+03 ...  1.5260155e-01
  -7.2144955e-01 -4.4452605e-01]]
	OpName : Ops.IDENTITY
	Original : [[-1.6199188   0.5111586   0.37140113 ... -0.53077376 -0.27055866
  -0.8100269 ]
 [ 1.8485665   0.04618217  0.74675816 ... -0.34640738 -0.63972
   1.4558824 ]
 [-0.08160456 -1.2671744   0.4993909  ... -0.48071837  0.08776142
  -2.2263217 ]
 ...
 [-1.2666447   0.3225811   0.36128217 ... -0.66060954 -0.7696121
   0.39001045]
 [ 0.02419059  0.40984228  0.26898566 ...  1.8594315   2.193212
  -0.48634064]
 [ 0.1286554  -1.9943178   0.0283588  ...  0.15260155 -0.72144955
  -0.44452605]]
	Time : 0:00:19.796613
 }
